185	3
186	3
187	3
188	3
189	3
190	3
191	3
192	3
193	3
194	3
195	3
196	3
197	3
198	3
199	3
200	3
201	3
202	3
203	3
204	3
205	3
206	3
207	3
350	3
351	3
352	3
353	3
354	3
180	4
181	4
182	4
183	4
184	4
185	4
186	4
187	4
188	4
189	4
190	4
191	4
192	4
193	4
194	4
195	4
196	4
197	4
198	4
199	4
200	4
201	4
202	4
203	4
204	4
205	4
206	4
207	4
208	4
209	4
212	4
213	4
214	4
215	4
216	4
217	4
218	4
219	4
220	4
221	4
222	4
350	4
351	4
352	4
353	4
354	4
180	5
181	5
182	5
183	5
184	5
185	5
186	5
187	5
188	5
189	5
190	5
191	5
192	5
193	5
194	5
195	5
196	5
197	5
198	5
199	5
200	5
201	5
202	5
203	5
204	5
205	5
206	5
207	5
208	5
209	5
212	5
213	5
214	5
215	5
216	5
217	5
218	5
219	5
220	5
221	5
222	5
350	5
351	5
352	5
353	5
354	5
173	6
174	6
175	6
176	6
177	6
178	6
179	6
180	6
181	6
182	6
183	6
184	6
185	6
186	6
187	6
205	6
206	6
207	6
208	6
209	6
210	6
211	6
212	6
213	6
214	6
215	6
216	6
217	6
218	6
219	6
220	6
221	6
222	6
223	6
224	6
225	6
226	6
227	6
228	6
229	6
230	6
231	6
232	6
233	6
234	6
235	6
236	6
237	6
238	6
239	6
240	6
241	6
242	6
243	6
244	6
245	6
246	6
247	6
248	6
249	6
250	6
251	6
252	6
350	6
351	6
352	6
353	6
354	6
92	7
93	7
94	7
95	7
96	7
168	7
169	7
170	7
171	7
172	7
173	7
174	7
175	7
176	7
177	7
178	7
179	7
180	7
181	7
209	7
210	7
211	7
212	7
222	7
223	7
224	7
225	7
226	7
227	7
228	7
229	7
230	7
231	7
232	7
233	7
234	7
235	7
236	7
237	7
238	7
239	7
240	7
241	7
242	7
243	7
244	7
245	7
246	7
247	7
248	7
249	7
250	7
251	7
252	7
253	7
254	7
255	7
256	7
257	7
258	7
259	7
260	7
261	7
262	7
263	7
264	7
265	7
266	7
267	7
277	7
278	7
279	7
280	7
281	7
282	7
350	7
351	7
352	7
353	7
354	7
89	8
90	8
91	8
92	8
93	8
94	8
95	8
96	8
165	8
166	8
167	8
168	8
169	8
170	8
171	8
172	8
173	8
242	8
243	8
252	8
253	8
254	8
255	8
256	8
257	8
258	8
259	8
260	8
261	8
262	8
263	8
264	8
265	8
266	8
267	8
268	8
269	8
270	8
271	8
272	8
273	8
274	8
275	8
276	8
277	8
278	8
279	8
280	8
281	8
282	8
283	8
284	8
285	8
286	8
350	8
351	8
352	8
353	8
354	8
86	9
87	9
88	9
89	9
90	9
91	9
92	9
94	9
95	9
96	9
155	9
156	9
157	9
158	9
159	9
160	9
161	9
162	9
163	9
164	9
165	9
166	9
167	9
168	9
169	9
265	9
266	9
267	9
268	9
269	9
270	9
271	9
272	9
273	9
274	9
275	9
276	9
277	9
282	9
283	9
284	9
285	9
286	9
287	9
288	9
289	9
290	9
291	9
292	9
293	9
294	9
295	9
296	9
297	9
298	9
299	9
300	9
301	9
302	9
303	9
304	9
305	9
306	9
307	9
308	9
309	9
310	9
311	9
312	9
313	9
314	9
315	9
316	9
317	9
318	9
319	9
320	9
321	9
322	9
323	9
86	10
87	10
88	10
89	10
90	10
91	10
92	10
94	10
95	10
96	10
155	10
156	10
157	10
158	10
159	10
160	10
161	10
162	10
163	10
164	10
165	10
166	10
167	10
168	10
169	10
265	10
266	10
267	10
268	10
269	10
270	10
271	10
272	10
273	10
274	10
275	10
276	10
277	10
282	10
283	10
284	10
285	10
286	10
287	10
288	10
289	10
290	10
291	10
292	10
293	10
294	10
295	10
296	10
297	10
298	10
299	10
300	10
301	10
302	10
303	10
304	10
305	10
306	10
307	10
308	10
309	10
310	10
311	10
312	10
313	10
314	10
315	10
316	10
317	10
318	10
319	10
320	10
321	10
322	10
323	10
84	11
85	11
86	11
87	11
88	11
89	11
90	11
91	11
92	11
94	11
95	11
96	11
154	11
155	11
156	11
157	11
158	11
159	11
160	11
161	11
162	11
163	11
164	11
165	11
166	11
285	11
286	11
287	11
288	11
289	11
290	11
291	11
292	11
293	11
294	11
295	11
296	11
297	11
298	11
299	11
300	11
301	11
302	11
303	11
304	11
305	11
306	11
307	11
308	11
309	11
310	11
311	11
312	11
313	11
314	11
315	11
316	11
317	11
318	11
319	11
320	11
321	11
322	11
323	11
324	11
325	11
326	11
327	11
328	11
329	11
84	12
85	12
86	12
87	12
91	12
92	12
93	12
94	12
95	12
96	12
147	12
148	12
149	12
150	12
151	12
152	12
153	12
154	12
155	12
156	12
157	12
323	12
324	12
325	12
326	12
327	12
328	12
329	12
330	12
331	12
332	12
333	12
334	12
335	12
336	12
337	12
450	12
451	12
452	12
453	12
454	12
455	12
456	12
457	12
84	13
85	13
86	13
93	13
94	13
95	13
96	13
137	13
138	13
139	13
140	13
141	13
142	13
143	13
144	13
145	13
146	13
147	13
148	13
149	13
150	13
151	13
152	13
153	13
154	13
155	13
156	13
329	13
330	13
331	13
332	13
333	13
334	13
335	13
336	13
337	13
338	13
339	13
340	13
341	13
342	13
343	13
344	13
345	13
346	13
347	13
348	13
349	13
350	13
351	13
352	13
353	13
354	13
355	13
356	13
357	13
358	13
359	13
360	13
361	13
362	13
363	13
364	13
365	13
366	13
367	13
368	13
369	13
370	13
371	13
372	13
373	13
374	13
375	13
376	13
377	13
378	13
379	13
380	13
381	13
382	13
383	13
384	13
385	13
386	13
387	13
388	13
389	13
390	13
449	13
450	13
451	13
452	13
453	13
454	13
455	13
456	13
457	13
458	13
84	14
85	14
86	14
92	14
93	14
94	14
95	14
133	14
134	14
135	14
136	14
137	14
138	14
139	14
140	14
141	14
142	14
143	14
144	14
145	14
146	14
147	14
337	14
338	14
339	14
340	14
341	14
342	14
343	14
344	14
345	14
346	14
347	14
348	14
349	14
350	14
351	14
352	14
353	14
354	14
355	14
356	14
357	14
358	14
359	14
360	14
361	14
362	14
363	14
364	14
365	14
366	14
367	14
368	14
369	14
370	14
371	14
372	14
373	14
374	14
375	14
376	14
377	14
378	14
379	14
380	14
381	14
382	14
383	14
384	14
385	14
386	14
387	14
388	14
389	14
390	14
391	14
392	14
393	14
398	14
399	14
400	14
401	14
402	14
449	14
450	14
451	14
452	14
455	14
456	14
457	14
458	14
459	14
84	15
85	15
86	15
92	15
93	15
94	15
133	15
134	15
135	15
136	15
137	15
138	15
139	15
140	15
141	15
142	15
143	15
144	15
145	15
146	15
147	15
337	15
338	15
339	15
340	15
341	15
342	15
343	15
344	15
345	15
346	15
347	15
348	15
349	15
350	15
351	15
352	15
353	15
354	15
355	15
356	15
357	15
358	15
359	15
360	15
361	15
362	15
363	15
364	15
365	15
366	15
367	15
368	15
369	15
370	15
371	15
372	15
373	15
374	15
375	15
376	15
377	15
378	15
379	15
380	15
381	15
382	15
383	15
384	15
385	15
386	15
387	15
388	15
389	15
390	15
391	15
392	15
393	15
398	15
399	15
400	15
401	15
402	15
449	15
450	15
451	15
452	15
455	15
456	15
457	15
458	15
459	15
84	16
85	16
86	16
92	16
93	16
94	16
95	16
129	16
130	16
131	16
132	16
133	16
134	16
135	16
136	16
137	16
389	16
390	16
391	16
392	16
393	16
394	16
395	16
396	16
397	16
398	16
399	16
400	16
401	16
402	16
403	16
404	16
405	16
406	16
407	16
408	16
409	16
410	16
411	16
412	16
413	16
414	16
415	16
416	16
417	16
418	16
419	16
420	16
421	16
422	16
423	16
424	16
448	16
449	16
450	16
456	16
457	16
458	16
459	16
84	17
85	17
86	17
93	17
94	17
95	17
96	17
117	17
118	17
119	17
120	17
121	17
122	17
123	17
124	17
125	17
126	17
127	17
128	17
129	17
130	17
131	17
132	17
133	17
393	17
394	17
395	17
396	17
397	17
398	17
401	17
402	17
403	17
404	17
405	17
406	17
407	17
408	17
409	17
410	17
411	17
412	17
413	17
414	17
415	17
416	17
417	17
418	17
419	17
420	17
421	17
422	17
423	17
424	17
425	17
426	17
427	17
428	17
429	17
430	17
431	17
432	17
433	17
434	17
435	17
436	17
437	17
438	17
439	17
440	17
441	17
442	17
443	17
444	17
445	17
446	17
447	17
448	17
449	17
450	17
458	17
459	17
84	18
85	18
86	18
93	18
94	18
95	18
96	18
97	18
98	18
112	18
113	18
114	18
115	18
116	18
117	18
118	18
119	18
120	18
121	18
122	18
123	18
124	18
125	18
126	18
127	18
128	18
129	18
424	18
425	18
426	18
427	18
428	18
429	18
430	18
431	18
432	18
433	18
434	18
435	18
436	18
437	18
438	18
439	18
440	18
441	18
442	18
443	18
444	18
445	18
446	18
447	18
448	18
449	18
458	18
459	18
84	19
85	19
86	19
94	19
95	19
96	19
97	19
98	19
99	19
100	19
101	19
102	19
103	19
104	19
105	19
106	19
107	19
108	19
109	19
110	19
111	19
112	19
113	19
114	19
115	19
116	19
117	19
118	19
456	19
457	19
458	19
459	19
84	20
85	20
86	20
94	20
95	20
96	20
97	20
98	20
99	20
100	20
101	20
102	20
103	20
104	20
105	20
106	20
107	20
108	20
109	20
110	20
111	20
112	20
113	20
114	20
115	20
116	20
117	20
118	20
456	20
457	20
458	20
459	20
84	21
85	21
86	21
97	21
98	21
99	21
100	21
101	21
102	21
103	21
104	21
105	21
106	21
107	21
108	21
109	21
110	21
111	21
112	21
454	21
455	21
456	21
457	21
458	21
459	21
83	22
84	22
85	22
86	22
453	22
454	22
455	22
456	22
457	22
458	22
82	23
83	23
84	23
85	23
86	23
453	23
454	23
455	23
77	24
78	24
79	24
80	24
81	24
82	24
83	24
84	24
85	24
453	24
454	24
77	25
78	25
79	25
80	25
81	25
82	25
83	25
84	25
85	25
453	25
454	25
72	26
73	26
74	26
75	26
76	26
77	26
78	26
79	26
80	26
81	26
82	26
453	26
454	26
58	27
59	27
60	27
61	27
62	27
63	27
64	27
65	27
66	27
67	27
68	27
69	27
70	27
71	27
72	27
73	27
74	27
75	27
76	27
77	27
453	27
454	27
56	28
57	28
58	28
59	28
60	28
61	28
62	28
63	28
64	28
65	28
66	28
67	28
68	28
69	28
70	28
71	28
72	28
453	28
454	28
52	29
53	29
54	29
55	29
56	29
57	29
58	29
59	29
60	29
453	29
454	29
52	30
53	30
54	30
55	30
56	30
57	30
58	30
59	30
60	30
453	30
454	30
23	31
24	31
25	31
26	31
27	31
28	31
29	31
30	31
31	31
32	31
33	31
34	31
35	31
36	31
37	31
38	31
39	31
40	31
41	31
42	31
43	31
44	31
45	31
46	31
47	31
48	31
49	31
50	31
51	31
52	31
53	31
54	31
55	31
56	31
57	31
449	31
450	31
453	31
454	31
455	31
456	31
457	31
22	32
23	32
24	32
25	32
26	32
27	32
28	32
29	32
30	32
31	32
32	32
33	32
34	32
35	32
36	32
37	32
38	32
39	32
40	32
41	32
42	32
43	32
44	32
45	32
46	32
47	32
48	32
49	32
50	32
51	32
52	32
449	32
450	32
453	32
454	32
455	32
456	32
457	32
22	33
23	33
24	33
25	33
449	33
450	33
451	33
452	33
455	33
456	33
457	33
22	34
23	34
406	34
407	34
408	34
409	34
410	34
449	34
450	34
451	34
452	34
453	34
455	34
456	34
457	34
22	35
23	35
406	35
407	35
408	35
409	35
410	35
449	35
450	35
451	35
452	35
453	35
455	35
456	35
457	35
21	36
22	36
23	36
390	36
391	36
392	36
393	36
394	36
395	36
396	36
397	36
398	36
399	36
400	36
401	36
402	36
403	36
404	36
405	36
406	36
407	36
408	36
409	36
410	36
411	36
412	36
413	36
448	36
449	36
450	36
451	36
452	36
453	36
455	36
456	36
457	36
21	37
22	37
333	37
334	37
335	37
336	37
337	37
338	37
339	37
340	37
341	37
342	37
343	37
344	37
345	37
346	37
347	37
348	37
349	37
350	37
351	37
352	37
353	37
354	37
355	37
356	37
357	37
358	37
359	37
360	37
361	37
362	37
363	37
364	37
365	37
366	37
367	37
368	37
369	37
370	37
371	37
372	37
373	37
374	37
375	37
376	37
377	37
378	37
379	37
380	37
381	37
382	37
383	37
384	37
385	37
386	37
387	37
388	37
389	37
390	37
391	37
392	37
393	37
394	37
395	37
396	37
397	37
398	37
399	37
400	37
401	37
402	37
403	37
404	37
405	37
406	37
407	37
410	37
411	37
412	37
413	37
448	37
449	37
450	37
451	37
452	37
453	37
455	37
456	37
457	37
458	37
21	38
22	38
293	38
294	38
295	38
296	38
297	38
298	38
299	38
300	38
301	38
302	38
303	38
304	38
305	38
306	38
307	38
308	38
309	38
310	38
311	38
312	38
313	38
314	38
315	38
316	38
317	38
318	38
319	38
320	38
321	38
322	38
323	38
324	38
325	38
326	38
327	38
328	38
329	38
330	38
331	38
332	38
333	38
334	38
335	38
336	38
337	38
338	38
339	38
340	38
341	38
342	38
343	38
344	38
345	38
346	38
347	38
348	38
349	38
350	38
351	38
352	38
353	38
354	38
355	38
356	38
357	38
358	38
359	38
360	38
361	38
362	38
363	38
364	38
365	38
366	38
367	38
368	38
369	38
370	38
371	38
372	38
373	38
374	38
375	38
376	38
377	38
378	38
379	38
380	38
381	38
382	38
383	38
384	38
385	38
386	38
387	38
388	38
389	38
390	38
448	38
449	38
450	38
451	38
452	38
453	38
456	38
457	38
458	38
21	39
22	39
293	39
294	39
295	39
296	39
297	39
298	39
299	39
300	39
301	39
302	39
303	39
304	39
305	39
306	39
307	39
308	39
309	39
310	39
311	39
312	39
313	39
314	39
315	39
316	39
317	39
318	39
319	39
320	39
321	39
322	39
323	39
324	39
325	39
326	39
327	39
328	39
329	39
330	39
331	39
332	39
333	39
413	39
414	39
415	39
416	39
417	39
418	39
419	39
420	39
421	39
422	39
423	39
424	39
425	39
426	39
427	39
428	39
448	39
449	39
450	39
451	39
452	39
453	39
454	39
456	39
457	39
458	39
21	40
22	40
293	40
294	40
295	40
296	40
297	40
298	40
299	40
300	40
301	40
302	40
303	40
304	40
305	40
306	40
307	40
308	40
309	40
310	40
311	40
312	40
313	40
314	40
315	40
316	40
317	40
318	40
319	40
320	40
321	40
322	40
323	40
324	40
325	40
326	40
327	40
328	40
329	40
330	40
331	40
332	40
333	40
413	40
414	40
415	40
416	40
417	40
418	40
419	40
420	40
421	40
422	40
423	40
424	40
425	40
426	40
427	40
428	40
448	40
449	40
450	40
451	40
452	40
453	40
454	40
456	40
457	40
458	40
19	41
20	41
21	41
22	41
200	41
201	41
202	41
391	41
392	41
393	41
394	41
395	41
396	41
397	41
398	41
399	41
400	41
401	41
402	41
403	41
404	41
405	41
406	41
407	41
408	41
409	41
410	41
411	41
412	41
413	41
414	41
415	41
416	41
417	41
418	41
419	41
420	41
421	41
422	41
423	41
424	41
425	41
426	41
427	41
428	41
449	41
450	41
453	41
454	41
456	41
457	41
458	41
459	41
19	42
20	42
21	42
22	42
167	42
168	42
169	42
170	42
171	42
172	42
173	42
174	42
175	42
176	42
177	42
178	42
179	42
180	42
181	42
182	42
183	42
184	42
185	42
186	42
187	42
188	42
189	42
190	42
191	42
192	42
193	42
194	42
195	42
196	42
197	42
198	42
199	42
200	42
201	42
202	42
203	42
204	42
205	42
206	42
333	42
334	42
335	42
336	42
337	42
338	42
339	42
340	42
341	42
342	42
343	42
344	42
345	42
346	42
347	42
348	42
349	42
350	42
351	42
352	42
353	42
354	42
355	42
356	42
357	42
358	42
359	42
360	42
361	42
362	42
363	42
364	42
365	42
366	42
367	42
368	42
369	42
370	42
371	42
372	42
373	42
374	42
375	42
376	42
377	42
378	42
379	42
380	42
381	42
382	42
383	42
384	42
385	42
386	42
387	42
388	42
389	42
390	42
391	42
392	42
393	42
394	42
395	42
396	42
397	42
398	42
399	42
400	42
401	42
402	42
403	42
404	42
405	42
406	42
407	42
408	42
409	42
410	42
411	42
412	42
413	42
426	42
427	42
428	42
449	42
450	42
451	42
452	42
453	42
454	42
456	42
457	42
458	42
459	42
460	42
461	42
462	42
19	43
20	43
21	43
167	43
168	43
169	43
170	43
171	43
172	43
173	43
174	43
175	43
176	43
177	43
178	43
179	43
180	43
181	43
182	43
183	43
184	43
185	43
186	43
187	43
188	43
189	43
190	43
191	43
192	43
193	43
194	43
195	43
196	43
197	43
198	43
199	43
200	43
201	43
202	43
203	43
204	43
205	43
206	43
280	43
281	43
282	43
283	43
288	43
289	43
290	43
291	43
292	43
293	43
294	43
295	43
296	43
297	43
298	43
299	43
300	43
301	43
302	43
303	43
304	43
305	43
306	43
307	43
308	43
309	43
310	43
311	43
312	43
313	43
314	43
315	43
316	43
317	43
318	43
319	43
320	43
321	43
322	43
323	43
324	43
325	43
326	43
327	43
328	43
329	43
330	43
331	43
332	43
333	43
334	43
335	43
336	43
337	43
338	43
339	43
340	43
341	43
342	43
343	43
344	43
345	43
346	43
347	43
348	43
349	43
350	43
351	43
352	43
353	43
354	43
355	43
356	43
357	43
358	43
359	43
360	43
361	43
362	43
363	43
364	43
365	43
366	43
367	43
368	43
369	43
370	43
371	43
372	43
373	43
374	43
375	43
376	43
377	43
378	43
379	43
380	43
381	43
382	43
383	43
384	43
385	43
386	43
387	43
388	43
389	43
390	43
391	43
392	43
426	43
427	43
428	43
449	43
450	43
451	43
452	43
453	43
454	43
458	43
459	43
460	43
461	43
462	43
463	43
19	44
20	44
21	44
204	44
205	44
206	44
269	44
270	44
271	44
272	44
273	44
274	44
275	44
276	44
277	44
278	44
279	44
280	44
281	44
282	44
283	44
284	44
285	44
286	44
287	44
288	44
289	44
290	44
291	44
292	44
293	44
294	44
295	44
296	44
297	44
298	44
299	44
300	44
301	44
302	44
303	44
304	44
305	44
306	44
307	44
308	44
309	44
310	44
311	44
312	44
313	44
314	44
315	44
316	44
317	44
318	44
319	44
320	44
321	44
322	44
323	44
324	44
325	44
326	44
327	44
328	44
329	44
330	44
331	44
332	44
333	44
426	44
427	44
428	44
451	44
452	44
453	44
454	44
455	44
460	44
461	44
462	44
463	44
19	45
20	45
21	45
204	45
205	45
206	45
269	45
270	45
271	45
272	45
273	45
274	45
275	45
276	45
277	45
278	45
279	45
280	45
281	45
282	45
283	45
284	45
285	45
286	45
287	45
288	45
289	45
290	45
291	45
292	45
293	45
294	45
295	45
296	45
297	45
298	45
299	45
300	45
301	45
302	45
303	45
304	45
305	45
306	45
307	45
308	45
309	45
310	45
311	45
312	45
313	45
314	45
315	45
316	45
317	45
318	45
319	45
320	45
321	45
322	45
323	45
324	45
325	45
326	45
327	45
328	45
329	45
330	45
331	45
332	45
333	45
426	45
427	45
428	45
451	45
452	45
453	45
454	45
455	45
460	45
461	45
462	45
463	45
18	46
19	46
20	46
21	46
44	46
45	46
46	46
47	46
48	46
200	46
201	46
202	46
203	46
204	46
205	46
206	46
207	46
208	46
209	46
210	46
211	46
212	46
213	46
214	46
215	46
216	46
217	46
218	46
219	46
220	46
221	46
222	46
223	46
224	46
225	46
226	46
227	46
228	46
229	46
230	46
231	46
232	46
233	46
234	46
235	46
236	46
237	46
238	46
239	46
240	46
241	46
242	46
243	46
244	46
245	46
246	46
247	46
248	46
249	46
250	46
251	46
252	46
253	46
254	46
255	46
256	46
257	46
258	46
259	46
260	46
261	46
262	46
263	46
264	46
265	46
266	46
267	46
268	46
269	46
270	46
271	46
272	46
273	46
274	46
275	46
276	46
277	46
278	46
279	46
280	46
281	46
283	46
284	46
285	46
286	46
287	46
288	46
426	46
427	46
428	46
454	46
455	46
461	46
462	46
463	46
17	47
18	47
19	47
20	47
43	47
44	47
45	47
46	47
47	47
48	47
150	47
151	47
152	47
153	47
154	47
155	47
156	47
157	47
158	47
159	47
160	47
161	47
162	47
163	47
164	47
165	47
166	47
167	47
168	47
169	47
170	47
171	47
172	47
173	47
174	47
175	47
176	47
177	47
178	47
179	47
180	47
181	47
182	47
183	47
184	47
185	47
186	47
187	47
188	47
189	47
190	47
191	47
192	47
193	47
194	47
195	47
196	47
197	47
198	47
199	47
200	47
201	47
202	47
203	47
204	47
205	47
206	47
207	47
208	47
209	47
210	47
211	47
212	47
213	47
214	47
215	47
216	47
217	47
218	47
219	47
220	47
221	47
222	47
223	47
224	47
225	47
226	47
227	47
228	47
229	47
230	47
231	47
232	47
233	47
234	47
235	47
236	47
237	47
238	47
239	47
240	47
241	47
242	47
243	47
244	47
245	47
246	47
247	47
248	47
249	47
250	47
251	47
252	47
253	47
254	47
255	47
256	47
257	47
258	47
259	47
260	47
261	47
262	47
263	47
264	47
265	47
266	47
267	47
268	47
269	47
426	47
427	47
428	47
429	47
454	47
455	47
461	47
462	47
463	47
6	48
7	48
8	48
9	48
10	48
11	48
12	48
16	48
17	48
18	48
19	48
20	48
42	48
43	48
44	48
45	48
46	48
84	48
85	48
86	48
87	48
88	48
89	48
90	48
91	48
92	48
93	48
94	48
95	48
96	48
97	48
98	48
99	48
100	48
101	48
102	48
103	48
104	48
105	48
106	48
107	48
108	48
109	48
110	48
111	48
112	48
113	48
114	48
115	48
116	48
117	48
118	48
119	48
120	48
121	48
122	48
123	48
124	48
125	48
126	48
127	48
128	48
129	48
130	48
131	48
132	48
133	48
134	48
135	48
136	48
137	48
138	48
139	48
140	48
141	48
142	48
143	48
144	48
145	48
146	48
147	48
148	48
149	48
150	48
151	48
152	48
153	48
154	48
155	48
156	48
157	48
158	48
159	48
160	48
161	48
162	48
163	48
164	48
165	48
166	48
167	48
168	48
169	48
170	48
171	48
172	48
173	48
174	48
175	48
176	48
177	48
178	48
179	48
180	48
181	48
182	48
183	48
184	48
185	48
186	48
187	48
188	48
189	48
190	48
191	48
192	48
193	48
194	48
195	48
196	48
197	48
198	48
199	48
200	48
201	48
428	48
429	48
431	48
432	48
433	48
454	48
455	48
456	48
457	48
461	48
462	48
463	48
6	49
7	49
8	49
9	49
10	49
11	49
12	49
13	49
14	49
15	49
16	49
17	49
18	49
42	49
43	49
44	49
45	49
48	49
49	49
50	49
51	49
52	49
53	49
54	49
55	49
56	49
57	49
58	49
59	49
60	49
61	49
62	49
63	49
64	49
65	49
66	49
67	49
68	49
69	49
70	49
71	49
72	49
73	49
74	49
75	49
76	49
77	49
78	49
79	49
80	49
81	49
82	49
83	49
84	49
85	49
86	49
87	49
88	49
89	49
90	49
91	49
92	49
93	49
94	49
95	49
96	49
97	49
98	49
99	49
100	49
101	49
102	49
103	49
104	49
105	49
106	49
107	49
108	49
109	49
110	49
111	49
112	49
113	49
114	49
115	49
116	49
117	49
118	49
119	49
120	49
121	49
122	49
123	49
124	49
125	49
126	49
127	49
128	49
129	49
130	49
131	49
132	49
133	49
134	49
135	49
136	49
137	49
138	49
139	49
140	49
141	49
142	49
143	49
144	49
145	49
146	49
147	49
148	49
149	49
150	49
151	49
428	49
429	49
431	49
432	49
433	49
455	49
456	49
457	49
461	49
462	49
463	49
6	50
7	50
8	50
9	50
10	50
11	50
12	50
13	50
14	50
15	50
16	50
17	50
18	50
42	50
43	50
44	50
45	50
48	50
49	50
50	50
51	50
52	50
53	50
54	50
55	50
56	50
57	50
58	50
59	50
60	50
61	50
62	50
63	50
64	50
65	50
66	50
67	50
68	50
69	50
70	50
71	50
72	50
73	50
74	50
75	50
76	50
77	50
78	50
79	50
80	50
81	50
82	50
83	50
84	50
85	50
86	50
87	50
88	50
89	50
90	50
91	50
92	50
93	50
94	50
95	50
96	50
97	50
98	50
99	50
100	50
101	50
102	50
103	50
104	50
105	50
106	50
107	50
108	50
109	50
110	50
111	50
112	50
113	50
114	50
115	50
116	50
117	50
118	50
119	50
120	50
121	50
122	50
123	50
124	50
125	50
126	50
127	50
128	50
129	50
130	50
131	50
132	50
133	50
134	50
135	50
136	50
137	50
138	50
139	50
140	50
141	50
142	50
143	50
144	50
145	50
146	50
147	50
148	50
149	50
150	50
151	50
428	50
429	50
431	50
432	50
433	50
455	50
456	50
457	50
461	50
462	50
463	50
6	51
7	51
11	51
12	51
13	51
14	51
15	51
16	51
17	51
42	51
43	51
47	51
48	51
49	51
50	51
51	51
52	51
53	51
54	51
55	51
56	51
57	51
58	51
59	51
60	51
61	51
62	51
63	51
64	51
65	51
66	51
67	51
68	51
69	51
70	51
71	51
72	51
73	51
74	51
75	51
76	51
77	51
78	51
79	51
80	51
81	51
82	51
83	51
84	51
85	51
428	51
429	51
431	51
432	51
433	51
455	51
456	51
457	51
460	51
461	51
462	51
463	51
6	52
7	52
12	52
13	52
14	52
15	52
42	52
43	52
47	52
48	52
49	52
50	52
428	52
429	52
431	52
432	52
433	52
455	52
456	52
457	52
460	52
461	52
462	52
6	53
7	53
42	53
43	53
47	53
48	53
426	53
427	53
428	53
429	53
431	53
432	53
433	53
455	53
456	53
457	53
460	53
461	53
462	53
6	54
7	54
42	54
43	54
47	54
48	54
426	54
427	54
428	54
431	54
432	54
433	54
455	54
456	54
457	54
460	54
461	54
462	54
463	54
6	55
7	55
42	55
43	55
47	55
48	55
426	55
427	55
428	55
431	55
432	55
433	55
455	55
456	55
457	55
460	55
461	55
462	55
463	55
6	56
7	56
12	56
13	56
42	56
43	56
47	56
48	56
426	56
427	56
428	56
431	56
432	56
433	56
455	56
456	56
457	56
460	56
461	56
462	56
463	56
464	56
6	57
7	57
12	57
13	57
42	57
43	57
47	57
48	57
426	57
427	57
428	57
431	57
432	57
433	57
455	57
456	57
457	57
458	57
461	57
462	57
463	57
464	57
6	58
7	58
12	58
13	58
42	58
43	58
47	58
48	58
426	58
427	58
428	58
431	58
432	58
433	58
455	58
456	58
457	58
458	58
459	58
463	58
464	58
6	59
7	59
12	59
13	59
14	59
15	59
16	59
17	59
42	59
43	59
46	59
47	59
48	59
426	59
427	59
428	59
431	59
432	59
433	59
456	59
457	59
458	59
459	59
460	59
463	59
464	59
6	60
7	60
12	60
13	60
14	60
15	60
16	60
17	60
42	60
43	60
46	60
47	60
48	60
426	60
427	60
428	60
431	60
432	60
433	60
456	60
457	60
458	60
459	60
460	60
463	60
464	60
6	61
7	61
12	61
13	61
14	61
15	61
16	61
17	61
42	61
43	61
46	61
47	61
426	61
427	61
428	61
431	61
432	61
433	61
459	61
460	61
463	61
464	61
6	62
7	62
8	62
12	62
13	62
16	62
17	62
42	62
43	62
46	62
47	62
48	62
426	62
427	62
428	62
431	62
432	62
433	62
459	62
460	62
463	62
464	62
6	63
7	63
8	63
9	63
10	63
12	63
13	63
16	63
17	63
42	63
43	63
46	63
47	63
48	63
426	63
427	63
428	63
431	63
432	63
433	63
463	63
464	63
7	64
8	64
9	64
10	64
12	64
13	64
16	64
17	64
18	64
42	64
43	64
46	64
47	64
426	64
427	64
428	64
429	64
431	64
432	64
433	64
463	64
464	64
7	65
8	65
9	65
10	65
12	65
13	65
16	65
17	65
18	65
42	65
43	65
46	65
47	65
426	65
427	65
428	65
429	65
431	65
432	65
433	65
463	65
464	65
8	66
9	66
10	66
12	66
13	66
16	66
17	66
18	66
42	66
43	66
46	66
47	66
428	66
429	66
431	66
432	66
433	66
463	66
464	66
8	67
9	67
10	67
12	67
13	67
16	67
17	67
42	67
43	67
46	67
47	67
428	67
429	67
431	67
432	67
433	67
463	67
464	67
8	68
9	68
10	68
12	68
13	68
16	68
17	68
42	68
43	68
46	68
47	68
428	68
429	68
431	68
432	68
433	68
463	68
464	68
8	69
9	69
10	69
12	69
13	69
16	69
17	69
42	69
43	69
46	69
47	69
428	69
429	69
431	69
432	69
433	69
463	69
464	69
8	70
9	70
10	70
12	70
13	70
16	70
17	70
42	70
43	70
46	70
47	70
428	70
429	70
431	70
432	70
433	70
463	70
464	70
7	71
8	71
9	71
10	71
12	71
13	71
16	71
17	71
42	71
43	71
46	71
47	71
428	71
429	71
431	71
432	71
433	71
463	71
464	71
7	72
8	72
12	72
13	72
42	72
43	72
46	72
47	72
426	72
427	72
428	72
429	72
431	72
432	72
433	72
459	72
460	72
461	72
462	72
463	72
464	72
7	73
8	73
12	73
13	73
42	73
43	73
46	73
47	73
426	73
427	73
428	73
431	73
432	73
433	73
458	73
459	73
460	73
461	73
462	73
463	73
464	73
7	74
8	74
12	74
13	74
42	74
43	74
46	74
47	74
426	74
427	74
428	74
431	74
432	74
433	74
458	74
459	74
460	74
7	75
8	75
12	75
13	75
42	75
43	75
46	75
47	75
426	75
427	75
428	75
431	75
432	75
433	75
458	75
459	75
460	75
7	76
8	76
12	76
13	76
42	76
43	76
46	76
47	76
426	76
427	76
428	76
431	76
432	76
433	76
458	76
459	76
7	77
8	77
12	77
13	77
42	77
43	77
46	77
47	77
48	77
426	77
427	77
428	77
431	77
432	77
433	77
458	77
459	77
460	77
7	78
8	78
12	78
13	78
42	78
43	78
47	78
48	78
426	78
427	78
428	78
431	78
432	78
433	78
459	78
460	78
6	79
7	79
8	79
42	79
43	79
47	79
48	79
426	79
427	79
428	79
431	79
432	79
433	79
459	79
460	79
6	80
7	80
8	80
42	80
43	80
47	80
48	80
426	80
427	80
428	80
431	80
432	80
433	80
459	80
460	80
6	81
7	81
8	81
12	81
13	81
42	81
43	81
47	81
48	81
426	81
427	81
428	81
431	81
432	81
433	81
459	81
460	81
6	82
7	82
11	82
12	82
13	82
42	82
43	82
46	82
47	82
48	82
426	82
427	82
428	82
431	82
432	82
433	82
459	82
460	82
6	83
7	83
9	83
10	83
11	83
12	83
42	83
43	83
46	83
47	83
426	83
427	83
428	83
431	83
432	83
433	83
459	83
460	83
6	84
7	84
9	84
10	84
11	84
42	84
43	84
46	84
47	84
426	84
427	84
428	84
431	84
432	84
433	84
459	84
460	84
6	85
7	85
9	85
10	85
11	85
42	85
43	85
46	85
47	85
426	85
427	85
428	85
431	85
432	85
433	85
459	85
460	85
6	86
7	86
9	86
10	86
11	86
42	86
43	86
46	86
47	86
426	86
427	86
428	86
431	86
432	86
433	86
459	86
460	86
6	87
7	87
9	87
10	87
11	87
42	87
43	87
46	87
47	87
426	87
427	87
428	87
431	87
432	87
433	87
459	87
460	87
6	88
7	88
9	88
10	88
11	88
42	88
43	88
46	88
47	88
426	88
427	88
428	88
431	88
432	88
433	88
459	88
460	88
6	89
7	89
9	89
10	89
11	89
42	89
43	89
46	89
47	89
426	89
427	89
428	89
431	89
432	89
433	89
459	89
460	89
6	90
7	90
9	90
10	90
11	90
42	90
43	90
46	90
47	90
426	90
427	90
428	90
431	90
432	90
433	90
459	90
460	90
6	91
7	91
9	91
10	91
11	91
12	91
13	91
42	91
43	91
46	91
47	91
426	91
427	91
428	91
431	91
432	91
433	91
459	91
460	91
6	92
7	92
9	92
10	92
11	92
12	92
13	92
42	92
43	92
46	92
47	92
426	92
427	92
428	92
431	92
432	92
433	92
459	92
460	92
6	93
7	93
9	93
10	93
11	93
12	93
13	93
42	93
43	93
46	93
47	93
426	93
427	93
428	93
431	93
432	93
433	93
459	93
460	93
6	94
7	94
9	94
10	94
11	94
12	94
13	94
42	94
43	94
46	94
47	94
426	94
427	94
428	94
431	94
432	94
433	94
459	94
460	94
6	95
7	95
9	95
10	95
11	95
12	95
13	95
42	95
43	95
46	95
47	95
426	95
427	95
428	95
431	95
432	95
433	95
459	95
460	95
6	96
7	96
12	96
13	96
42	96
43	96
46	96
47	96
426	96
427	96
428	96
431	96
432	96
433	96
459	96
460	96
6	97
7	97
12	97
13	97
42	97
43	97
46	97
47	97
426	97
427	97
428	97
431	97
432	97
433	97
459	97
460	97
6	98
7	98
8	98
12	98
13	98
42	98
43	98
46	98
47	98
426	98
427	98
428	98
431	98
432	98
433	98
459	98
460	98
7	99
8	99
42	99
43	99
46	99
47	99
426	99
427	99
428	99
431	99
432	99
433	99
459	99
460	99
7	100
8	100
42	100
43	100
46	100
47	100
426	100
427	100
428	100
431	100
432	100
433	100
459	100
460	100
7	101
8	101
42	101
43	101
46	101
47	101
426	101
427	101
428	101
431	101
432	101
433	101
459	101
460	101
7	102
8	102
42	102
43	102
46	102
47	102
426	102
427	102
428	102
431	102
432	102
433	102
459	102
460	102
7	103
8	103
13	103
14	103
15	103
42	103
43	103
46	103
47	103
426	103
427	103
428	103
431	103
432	103
433	103
459	103
460	103
6	104
7	104
8	104
13	104
14	104
15	104
42	104
43	104
46	104
47	104
426	104
427	104
428	104
431	104
432	104
433	104
459	104
460	104
6	105
7	105
8	105
13	105
14	105
15	105
42	105
43	105
46	105
47	105
426	105
427	105
428	105
431	105
432	105
433	105
459	105
460	105
6	106
7	106
13	106
14	106
15	106
42	106
43	106
46	106
47	106
426	106
427	106
428	106
431	106
432	106
433	106
459	106
460	106
6	107
7	107
13	107
14	107
15	107
42	107
43	107
46	107
47	107
426	107
427	107
428	107
431	107
432	107
433	107
459	107
460	107
6	108
7	108
12	108
13	108
14	108
15	108
42	108
43	108
46	108
47	108
426	108
427	108
428	108
431	108
432	108
433	108
459	108
460	108
6	109
7	109
12	109
13	109
42	109
43	109
46	109
47	109
426	109
427	109
428	109
431	109
432	109
433	109
459	109
460	109
6	110
7	110
12	110
13	110
42	110
43	110
46	110
47	110
426	110
427	110
428	110
431	110
432	110
433	110
459	110
460	110
6	111
7	111
8	111
12	111
13	111
42	111
43	111
46	111
47	111
426	111
427	111
428	111
431	111
432	111
433	111
459	111
460	111
7	112
8	112
12	112
13	112
42	112
43	112
46	112
47	112
426	112
427	112
428	112
431	112
432	112
433	112
459	112
460	112
7	113
8	113
12	113
13	113
42	113
43	113
46	113
47	113
426	113
427	113
428	113
431	113
432	113
433	113
459	113
460	113
7	114
8	114
9	114
10	114
12	114
13	114
42	114
43	114
46	114
47	114
426	114
427	114
428	114
431	114
432	114
433	114
459	114
460	114
7	115
8	115
9	115
10	115
12	115
13	115
42	115
43	115
46	115
47	115
426	115
427	115
428	115
431	115
432	115
433	115
459	115
460	115
8	116
9	116
10	116
12	116
13	116
42	116
43	116
46	116
47	116
426	116
427	116
428	116
431	116
432	116
433	116
459	116
460	116
8	117
9	117
10	117
12	117
13	117
42	117
43	117
46	117
47	117
426	117
427	117
428	117
431	117
432	117
433	117
459	117
460	117
8	118
9	118
10	118
12	118
13	118
42	118
43	118
46	118
47	118
426	118
427	118
428	118
431	118
432	118
433	118
459	118
460	118
8	119
9	119
10	119
12	119
13	119
42	119
43	119
46	119
47	119
426	119
427	119
428	119
431	119
432	119
433	119
459	119
460	119
8	120
9	120
10	120
12	120
13	120
42	120
43	120
46	120
47	120
426	120
427	120
428	120
431	120
432	120
433	120
459	120
460	120
8	121
9	121
10	121
12	121
13	121
42	121
43	121
46	121
47	121
426	121
427	121
428	121
431	121
432	121
433	121
459	121
460	121
8	122
9	122
10	122
12	122
13	122
42	122
43	122
46	122
47	122
426	122
427	122
428	122
431	122
432	122
433	122
459	122
460	122
461	122
462	122
8	123
9	123
10	123
12	123
13	123
42	123
43	123
46	123
47	123
426	123
427	123
428	123
431	123
432	123
433	123
460	123
461	123
462	123
8	124
9	124
10	124
12	124
13	124
42	124
43	124
46	124
47	124
426	124
427	124
428	124
431	124
432	124
433	124
460	124
461	124
462	124
8	125
9	125
10	125
12	125
13	125
42	125
43	125
46	125
47	125
426	125
427	125
428	125
431	125
432	125
433	125
460	125
461	125
462	125
8	126
9	126
10	126
12	126
13	126
42	126
43	126
46	126
47	126
426	126
427	126
428	126
431	126
432	126
433	126
460	126
461	126
462	126
8	127
9	127
10	127
12	127
13	127
42	127
43	127
46	127
47	127
426	127
427	127
428	127
431	127
432	127
433	127
460	127
461	127
462	127
8	128
9	128
10	128
12	128
13	128
41	128
42	128
43	128
46	128
47	128
426	128
427	128
428	128
431	128
432	128
433	128
460	128
461	128
462	128
8	129
9	129
10	129
12	129
13	129
41	129
42	129
46	129
47	129
426	129
427	129
428	129
431	129
432	129
433	129
460	129
461	129
462	129
8	130
9	130
10	130
12	130
13	130
41	130
42	130
46	130
47	130
426	130
427	130
428	130
431	130
432	130
433	130
460	130
461	130
462	130
8	131
9	131
10	131
12	131
13	131
41	131
42	131
43	131
46	131
47	131
426	131
427	131
428	131
431	131
432	131
433	131
460	131
461	131
462	131
8	132
9	132
10	132
12	132
13	132
42	132
43	132
46	132
47	132
426	132
427	132
428	132
431	132
432	132
433	132
460	132
461	132
462	132
8	133
9	133
10	133
12	133
13	133
42	133
43	133
46	133
47	133
426	133
427	133
428	133
431	133
432	133
433	133
460	133
461	133
462	133
8	134
9	134
10	134
12	134
13	134
42	134
43	134
46	134
47	134
426	134
427	134
428	134
431	134
432	134
433	134
460	134
461	134
462	134
8	135
9	135
10	135
12	135
13	135
42	135
43	135
46	135
47	135
426	135
427	135
428	135
431	135
432	135
433	135
460	135
461	135
462	135
8	136
9	136
10	136
12	136
13	136
42	136
43	136
46	136
47	136
197	136
198	136
199	136
200	136
201	136
202	136
203	136
204	136
205	136
206	136
207	136
208	136
209	136
210	136
211	136
212	136
213	136
426	136
427	136
428	136
430	136
431	136
432	136
433	136
460	136
461	136
462	136
8	137
9	137
10	137
12	137
13	137
42	137
43	137
46	137
47	137
195	137
196	137
197	137
198	137
199	137
200	137
201	137
202	137
203	137
204	137
205	137
206	137
207	137
208	137
209	137
210	137
211	137
212	137
213	137
214	137
215	137
216	137
426	137
427	137
428	137
430	137
431	137
432	137
460	137
461	137
462	137
8	138
9	138
10	138
12	138
13	138
42	138
43	138
46	138
47	138
193	138
194	138
195	138
196	138
197	138
198	138
212	138
213	138
214	138
215	138
216	138
217	138
426	138
427	138
428	138
430	138
431	138
432	138
433	138
460	138
461	138
462	138
8	139
9	139
10	139
12	139
13	139
42	139
43	139
46	139
47	139
192	139
193	139
194	139
195	139
196	139
197	139
207	139
208	139
209	139
210	139
211	139
212	139
214	139
215	139
216	139
217	139
218	139
426	139
427	139
428	139
431	139
432	139
433	139
460	139
461	139
462	139
8	140
9	140
10	140
12	140
13	140
42	140
43	140
46	140
47	140
192	140
193	140
194	140
195	140
196	140
197	140
207	140
208	140
209	140
210	140
211	140
212	140
214	140
215	140
216	140
217	140
218	140
426	140
427	140
428	140
431	140
432	140
433	140
460	140
461	140
462	140
8	141
9	141
10	141
12	141
13	141
42	141
43	141
46	141
47	141
190	141
191	141
192	141
193	141
194	141
204	141
205	141
206	141
207	141
208	141
209	141
210	141
211	141
212	141
213	141
215	141
216	141
217	141
218	141
219	141
426	141
427	141
428	141
431	141
432	141
433	141
460	141
461	141
462	141
8	142
9	142
10	142
12	142
13	142
42	142
43	142
46	142
47	142
190	142
191	142
192	142
193	142
204	142
205	142
206	142
207	142
208	142
212	142
213	142
214	142
217	142
218	142
219	142
426	142
427	142
428	142
431	142
432	142
433	142
460	142
461	142
462	142
8	143
9	143
10	143
12	143
13	143
42	143
43	143
46	143
47	143
189	143
190	143
191	143
192	143
205	143
206	143
207	143
213	143
214	143
215	143
216	143
218	143
219	143
220	143
221	143
426	143
427	143
428	143
430	143
431	143
432	143
433	143
460	143
461	143
462	143
8	144
9	144
10	144
12	144
13	144
42	144
43	144
46	144
47	144
189	144
190	144
191	144
192	144
204	144
205	144
206	144
207	144
214	144
215	144
216	144
217	144
218	144
219	144
220	144
221	144
426	144
427	144
428	144
430	144
431	144
432	144
460	144
461	144
462	144
8	145
9	145
10	145
12	145
13	145
42	145
43	145
46	145
47	145
189	145
190	145
191	145
192	145
204	145
205	145
206	145
207	145
214	145
215	145
216	145
217	145
218	145
219	145
220	145
221	145
426	145
427	145
428	145
430	145
431	145
432	145
460	145
461	145
462	145
8	146
9	146
10	146
12	146
13	146
42	146
43	146
46	146
47	146
188	146
189	146
190	146
191	146
202	146
203	146
204	146
205	146
206	146
207	146
214	146
215	146
216	146
217	146
218	146
219	146
220	146
221	146
222	146
426	146
427	146
428	146
430	146
431	146
432	146
460	146
461	146
462	146
8	147
9	147
10	147
12	147
13	147
41	147
42	147
43	147
46	147
47	147
188	147
189	147
190	147
191	147
199	147
200	147
201	147
202	147
203	147
204	147
205	147
206	147
207	147
208	147
209	147
210	147
211	147
212	147
214	147
215	147
216	147
217	147
218	147
219	147
220	147
221	147
222	147
426	147
427	147
428	147
430	147
431	147
432	147
460	147
461	147
462	147
8	148
9	148
10	148
12	148
13	148
41	148
42	148
46	148
47	148
188	148
189	148
198	148
199	148
200	148
201	148
202	148
203	148
207	148
208	148
209	148
210	148
211	148
212	148
213	148
214	148
215	148
216	148
220	148
221	148
222	148
426	148
427	148
428	148
430	148
431	148
432	148
460	148
461	148
462	148
463	148
8	149
9	149
10	149
12	149
13	149
41	149
42	149
46	149
47	149
188	149
189	149
195	149
196	149
197	149
198	149
199	149
200	149
201	149
210	149
211	149
212	149
213	149
214	149
215	149
216	149
220	149
221	149
222	149
223	149
426	149
427	149
428	149
430	149
431	149
432	149
460	149
461	149
462	149
463	149
464	149
8	150
9	150
10	150
12	150
13	150
41	150
42	150
46	150
47	150
188	150
189	150
195	150
196	150
197	150
198	150
199	150
200	150
201	150
210	150
211	150
212	150
213	150
214	150
215	150
216	150
220	150
221	150
222	150
223	150
426	150
427	150
428	150
430	150
431	150
432	150
460	150
461	150
462	150
463	150
464	150
8	151
9	151
10	151
12	151
13	151
41	151
42	151
46	151
47	151
188	151
189	151
190	151
191	151
194	151
195	151
196	151
197	151
198	151
199	151
213	151
214	151
215	151
216	151
217	151
222	151
223	151
426	151
427	151
428	151
430	151
431	151
432	151
461	151
462	151
463	151
464	151
8	152
9	152
10	152
12	152
13	152
41	152
42	152
46	152
47	152
188	152
189	152
190	152
191	152
193	152
194	152
195	152
196	152
197	152
212	152
213	152
214	152
215	152
216	152
217	152
218	152
219	152
222	152
223	152
426	152
427	152
428	152
430	152
431	152
432	152
463	152
464	152
8	153
9	153
10	153
12	153
13	153
41	153
42	153
46	153
47	153
189	153
190	153
191	153
193	153
194	153
195	153
196	153
197	153
210	153
211	153
212	153
213	153
215	153
216	153
217	153
218	153
219	153
222	153
223	153
426	153
427	153
428	153
430	153
431	153
432	153
463	153
464	153
8	154
9	154
10	154
12	154
13	154
14	154
15	154
41	154
42	154
46	154
47	154
188	154
189	154
190	154
191	154
195	154
196	154
197	154
198	154
199	154
200	154
201	154
202	154
203	154
204	154
205	154
206	154
207	154
208	154
209	154
210	154
211	154
212	154
213	154
217	154
218	154
222	154
223	154
426	154
427	154
428	154
430	154
431	154
432	154
463	154
464	154
8	155
9	155
10	155
12	155
13	155
14	155
15	155
41	155
42	155
46	155
47	155
188	155
189	155
190	155
191	155
195	155
196	155
197	155
198	155
199	155
200	155
201	155
202	155
203	155
204	155
205	155
206	155
207	155
208	155
209	155
210	155
211	155
212	155
213	155
217	155
218	155
222	155
223	155
426	155
427	155
428	155
430	155
431	155
432	155
463	155
464	155
8	156
9	156
10	156
12	156
13	156
14	156
15	156
41	156
42	156
46	156
47	156
188	156
189	156
190	156
191	156
195	156
196	156
197	156
198	156
199	156
200	156
201	156
202	156
203	156
204	156
205	156
206	156
207	156
208	156
209	156
210	156
211	156
217	156
218	156
220	156
221	156
222	156
223	156
426	156
427	156
428	156
430	156
431	156
432	156
463	156
464	156
8	157
9	157
10	157
13	157
14	157
15	157
16	157
17	157
41	157
42	157
46	157
47	157
187	157
188	157
189	157
190	157
191	157
220	157
221	157
222	157
223	157
224	157
426	157
427	157
428	157
430	157
431	157
432	157
463	157
464	157
8	158
9	158
10	158
11	158
14	158
15	158
16	158
17	158
41	158
42	158
46	158
47	158
187	158
188	158
189	158
218	158
219	158
222	158
223	158
224	158
426	158
427	158
428	158
430	158
431	158
432	158
463	158
464	158
8	159
9	159
10	159
11	159
12	159
16	159
17	159
41	159
42	159
46	159
47	159
185	159
186	159
187	159
188	159
192	159
193	159
194	159
195	159
196	159
197	159
198	159
199	159
200	159
201	159
202	159
203	159
204	159
205	159
206	159
207	159
208	159
209	159
210	159
211	159
212	159
213	159
214	159
215	159
216	159
217	159
218	159
219	159
223	159
224	159
426	159
427	159
428	159
430	159
431	159
432	159
463	159
464	159
8	160
9	160
10	160
11	160
12	160
16	160
17	160
41	160
42	160
46	160
47	160
185	160
186	160
187	160
188	160
192	160
193	160
194	160
195	160
196	160
197	160
198	160
199	160
200	160
201	160
202	160
203	160
204	160
205	160
206	160
207	160
208	160
209	160
210	160
211	160
212	160
213	160
214	160
215	160
216	160
217	160
218	160
219	160
223	160
224	160
426	160
427	160
428	160
430	160
431	160
432	160
463	160
464	160
9	161
10	161
11	161
12	161
16	161
17	161
41	161
42	161
43	161
46	161
47	161
185	161
186	161
187	161
192	161
193	161
194	161
195	161
196	161
197	161
198	161
199	161
200	161
201	161
202	161
203	161
204	161
205	161
206	161
207	161
208	161
209	161
210	161
211	161
212	161
213	161
214	161
215	161
216	161
217	161
218	161
219	161
223	161
224	161
426	161
427	161
428	161
430	161
431	161
432	161
463	161
464	161
11	162
12	162
13	162
16	162
17	162
42	162
43	162
46	162
47	162
185	162
186	162
187	162
192	162
193	162
218	162
219	162
223	162
224	162
426	162
427	162
428	162
430	162
431	162
432	162
463	162
464	162
12	163
13	163
16	163
17	163
42	163
43	163
46	163
47	163
185	163
186	163
187	163
192	163
193	163
218	163
219	163
223	163
224	163
425	163
426	163
427	163
428	163
430	163
431	163
432	163
463	163
464	163
12	164
13	164
16	164
17	164
42	164
43	164
46	164
47	164
185	164
186	164
187	164
192	164
193	164
218	164
219	164
220	164
221	164
223	164
224	164
425	164
426	164
427	164
430	164
431	164
432	164
463	164
464	164
12	165
13	165
16	165
17	165
42	165
43	165
46	165
47	165
185	165
186	165
187	165
192	165
193	165
218	165
219	165
220	165
221	165
223	165
224	165
425	165
426	165
427	165
430	165
431	165
432	165
463	165
464	165
12	166
13	166
16	166
17	166
42	166
43	166
46	166
47	166
185	166
186	166
187	166
192	166
193	166
219	166
220	166
221	166
223	166
224	166
425	166
426	166
427	166
430	166
431	166
432	166
463	166
464	166
12	167
13	167
16	167
17	167
42	167
43	167
46	167
47	167
185	167
186	167
187	167
192	167
193	167
218	167
219	167
220	167
221	167
223	167
224	167
425	167
426	167
427	167
430	167
431	167
432	167
463	167
464	167
12	168
13	168
16	168
17	168
42	168
43	168
46	168
47	168
185	168
186	168
187	168
192	168
193	168
218	168
219	168
220	168
221	168
223	168
224	168
425	168
426	168
427	168
430	168
431	168
432	168
461	168
462	168
463	168
464	168
12	169
13	169
16	169
17	169
42	169
43	169
46	169
47	169
185	169
186	169
187	169
192	169
193	169
219	169
220	169
221	169
223	169
224	169
425	169
426	169
427	169
430	169
431	169
432	169
460	169
461	169
462	169
463	169
464	169
12	170
13	170
16	170
17	170
42	170
43	170
46	170
47	170
185	170
186	170
187	170
192	170
193	170
219	170
220	170
221	170
223	170
224	170
425	170
426	170
427	170
430	170
431	170
432	170
460	170
461	170
462	170
463	170
464	170
12	171
13	171
16	171
17	171
42	171
43	171
46	171
47	171
185	171
186	171
187	171
192	171
193	171
218	171
219	171
220	171
221	171
223	171
224	171
425	171
426	171
427	171
430	171
431	171
432	171
460	171
461	171
462	171
463	171
12	172
13	172
16	172
17	172
42	172
43	172
46	172
47	172
185	172
186	172
187	172
192	172
193	172
218	172
219	172
220	172
221	172
223	172
224	172
425	172
426	172
427	172
430	172
431	172
432	172
460	172
461	172
462	172
12	173
13	173
16	173
17	173
41	173
42	173
43	173
46	173
47	173
185	173
186	173
187	173
190	173
191	173
192	173
193	173
219	173
220	173
221	173
223	173
224	173
425	173
426	173
427	173
430	173
431	173
432	173
460	173
461	173
462	173
12	174
13	174
16	174
17	174
41	174
42	174
46	174
47	174
185	174
186	174
187	174
190	174
191	174
192	174
219	174
220	174
221	174
223	174
224	174
425	174
426	174
427	174
430	174
431	174
432	174
460	174
461	174
462	174
12	175
13	175
16	175
17	175
41	175
42	175
46	175
47	175
185	175
186	175
187	175
190	175
191	175
192	175
219	175
220	175
221	175
223	175
224	175
425	175
426	175
427	175
430	175
431	175
432	175
460	175
461	175
462	175
12	176
13	176
16	176
17	176
41	176
42	176
46	176
47	176
185	176
186	176
187	176
190	176
191	176
192	176
219	176
220	176
221	176
223	176
224	176
425	176
426	176
427	176
430	176
431	176
432	176
460	176
461	176
462	176
12	177
13	177
16	177
17	177
41	177
42	177
46	177
47	177
185	177
186	177
187	177
190	177
191	177
192	177
219	177
220	177
221	177
223	177
224	177
425	177
426	177
427	177
430	177
431	177
432	177
460	177
461	177
462	177
12	178
13	178
16	178
17	178
41	178
42	178
46	178
47	178
185	178
186	178
187	178
190	178
191	178
192	178
219	178
220	178
221	178
223	178
224	178
425	178
426	178
427	178
430	178
431	178
432	178
460	178
461	178
462	178
12	179
13	179
16	179
17	179
41	179
42	179
46	179
47	179
185	179
186	179
187	179
190	179
191	179
192	179
219	179
220	179
221	179
223	179
224	179
425	179
426	179
427	179
430	179
431	179
432	179
460	179
461	179
462	179
12	180
13	180
16	180
17	180
41	180
42	180
46	180
47	180
185	180
186	180
187	180
190	180
191	180
192	180
219	180
220	180
221	180
223	180
224	180
425	180
426	180
427	180
430	180
431	180
432	180
460	180
461	180
462	180
12	181
13	181
16	181
17	181
41	181
42	181
46	181
47	181
185	181
186	181
187	181
190	181
191	181
192	181
219	181
220	181
221	181
223	181
224	181
225	181
226	181
425	181
426	181
427	181
430	181
431	181
432	181
459	181
460	181
461	181
462	181
12	182
13	182
16	182
17	182
41	182
42	182
46	182
47	182
185	182
186	182
187	182
190	182
191	182
192	182
219	182
220	182
221	182
224	182
225	182
226	182
425	182
426	182
427	182
430	182
431	182
432	182
459	182
460	182
12	183
13	183
16	183
17	183
41	183
42	183
46	183
47	183
185	183
186	183
187	183
190	183
191	183
192	183
219	183
220	183
221	183
224	183
225	183
226	183
425	183
426	183
427	183
430	183
431	183
432	183
459	183
460	183
461	183
462	183
12	184
13	184
16	184
17	184
41	184
42	184
46	184
47	184
185	184
186	184
187	184
190	184
191	184
192	184
219	184
220	184
221	184
224	184
225	184
226	184
425	184
426	184
427	184
430	184
431	184
432	184
460	184
461	184
462	184
12	185
13	185
16	185
17	185
41	185
42	185
46	185
47	185
185	185
186	185
187	185
190	185
191	185
192	185
219	185
220	185
221	185
224	185
225	185
226	185
425	185
426	185
427	185
430	185
431	185
432	185
460	185
461	185
462	185
12	186
13	186
16	186
17	186
41	186
42	186
46	186
47	186
185	186
186	186
187	186
190	186
191	186
192	186
219	186
220	186
221	186
224	186
225	186
226	186
425	186
426	186
427	186
430	186
431	186
432	186
460	186
461	186
462	186
12	187
13	187
16	187
17	187
41	187
42	187
46	187
47	187
185	187
186	187
187	187
190	187
191	187
192	187
193	187
219	187
220	187
221	187
223	187
224	187
225	187
226	187
425	187
426	187
427	187
430	187
431	187
432	187
460	187
461	187
462	187
12	188
13	188
16	188
17	188
41	188
42	188
46	188
47	188
185	188
186	188
187	188
192	188
193	188
218	188
219	188
220	188
221	188
223	188
224	188
425	188
426	188
427	188
430	188
431	188
432	188
460	188
461	188
462	188
12	189
13	189
16	189
17	189
41	189
42	189
46	189
47	189
185	189
186	189
187	189
192	189
193	189
194	189
195	189
196	189
197	189
209	189
210	189
211	189
212	189
213	189
214	189
215	189
216	189
217	189
218	189
219	189
223	189
224	189
424	189
425	189
426	189
427	189
430	189
431	189
432	189
460	189
461	189
462	189
12	190
13	190
16	190
17	190
41	190
42	190
46	190
47	190
185	190
186	190
187	190
192	190
193	190
194	190
195	190
196	190
197	190
209	190
210	190
211	190
212	190
213	190
214	190
215	190
216	190
217	190
218	190
219	190
223	190
224	190
424	190
425	190
426	190
427	190
430	190
431	190
432	190
460	190
461	190
462	190
12	191
13	191
16	191
17	191
41	191
42	191
46	191
47	191
185	191
186	191
187	191
188	191
192	191
193	191
194	191
195	191
196	191
197	191
198	191
199	191
200	191
201	191
202	191
203	191
204	191
205	191
206	191
207	191
208	191
209	191
210	191
211	191
212	191
213	191
214	191
215	191
216	191
217	191
218	191
219	191
223	191
224	191
424	191
425	191
430	191
431	191
432	191
460	191
461	191
462	191
12	192
13	192
16	192
17	192
41	192
42	192
43	192
46	192
47	192
185	192
186	192
187	192
188	192
189	192
197	192
198	192
199	192
200	192
201	192
202	192
203	192
204	192
205	192
206	192
207	192
208	192
209	192
217	192
218	192
219	192
222	192
223	192
224	192
424	192
425	192
430	192
431	192
432	192
459	192
460	192
461	192
462	192
12	193
13	193
16	193
17	193
42	193
43	193
46	193
47	193
187	193
188	193
189	193
190	193
191	193
218	193
219	193
220	193
221	193
222	193
223	193
224	193
424	193
425	193
426	193
427	193
430	193
431	193
432	193
459	193
460	193
12	194
13	194
16	194
17	194
42	194
43	194
46	194
47	194
188	194
189	194
190	194
191	194
192	194
193	194
194	194
195	194
196	194
197	194
198	194
199	194
200	194
201	194
202	194
208	194
209	194
210	194
211	194
212	194
213	194
214	194
215	194
216	194
217	194
218	194
219	194
220	194
221	194
222	194
223	194
425	194
426	194
427	194
430	194
431	194
432	194
459	194
460	194
12	195
13	195
16	195
17	195
42	195
43	195
46	195
47	195
188	195
189	195
190	195
191	195
192	195
193	195
194	195
195	195
196	195
197	195
198	195
199	195
200	195
201	195
202	195
208	195
209	195
210	195
211	195
212	195
213	195
214	195
215	195
216	195
217	195
218	195
219	195
220	195
221	195
222	195
223	195
425	195
426	195
427	195
430	195
431	195
432	195
459	195
460	195
12	196
13	196
16	196
17	196
42	196
43	196
46	196
47	196
190	196
191	196
192	196
193	196
194	196
195	196
196	196
197	196
198	196
199	196
200	196
201	196
202	196
203	196
204	196
205	196
206	196
207	196
208	196
209	196
210	196
211	196
212	196
213	196
214	196
215	196
216	196
217	196
218	196
222	196
223	196
425	196
426	196
427	196
430	196
431	196
432	196
459	196
460	196
12	197
13	197
16	197
17	197
42	197
43	197
46	197
47	197
202	197
203	197
204	197
205	197
206	197
207	197
208	197
424	197
425	197
426	197
427	197
430	197
431	197
432	197
459	197
460	197
12	198
13	198
16	198
17	198
42	198
43	198
46	198
47	198
424	198
425	198
426	198
427	198
430	198
431	198
432	198
459	198
460	198
12	199
13	199
16	199
17	199
42	199
43	199
46	199
47	199
425	199
426	199
427	199
430	199
431	199
432	199
459	199
460	199
12	200
13	200
16	200
17	200
42	200
43	200
46	200
47	200
425	200
426	200
427	200
430	200
431	200
432	200
459	200
460	200
12	201
13	201
16	201
17	201
42	201
43	201
46	201
47	201
424	201
425	201
426	201
427	201
430	201
431	201
432	201
459	201
460	201
12	202
13	202
16	202
17	202
42	202
43	202
46	202
47	202
424	202
425	202
430	202
431	202
432	202
459	202
460	202
461	202
462	202
12	203
13	203
16	203
17	203
42	203
43	203
46	203
47	203
424	203
425	203
430	203
431	203
432	203
460	203
461	203
462	203
463	203
464	203
465	203
12	204
13	204
16	204
17	204
42	204
43	204
46	204
47	204
424	204
425	204
430	204
431	204
432	204
460	204
461	204
462	204
463	204
464	204
465	204
466	204
467	204
468	204
12	205
13	205
16	205
17	205
42	205
43	205
46	205
47	205
424	205
425	205
430	205
431	205
432	205
460	205
461	205
462	205
463	205
464	205
465	205
466	205
467	205
468	205
12	206
13	206
16	206
17	206
42	206
43	206
46	206
47	206
424	206
425	206
430	206
431	206
432	206
460	206
461	206
462	206
465	206
466	206
467	206
468	206
12	207
13	207
16	207
17	207
42	207
43	207
46	207
47	207
424	207
425	207
430	207
431	207
432	207
466	207
467	207
468	207
12	208
13	208
16	208
17	208
42	208
43	208
46	208
47	208
424	208
425	208
430	208
431	208
432	208
466	208
467	208
468	208
12	209
13	209
16	209
17	209
42	209
43	209
46	209
47	209
424	209
425	209
430	209
431	209
432	209
466	209
467	209
468	209
12	210
13	210
16	210
17	210
42	210
43	210
46	210
47	210
424	210
425	210
430	210
431	210
432	210
466	210
467	210
468	210
12	211
13	211
16	211
17	211
42	211
43	211
46	211
47	211
424	211
425	211
430	211
431	211
432	211
466	211
467	211
468	211
12	212
13	212
16	212
17	212
41	212
42	212
43	212
46	212
47	212
424	212
425	212
430	212
431	212
432	212
466	212
467	212
468	212
12	213
13	213
16	213
17	213
18	213
19	213
20	213
41	213
42	213
46	213
47	213
424	213
425	213
430	213
431	213
432	213
466	213
467	213
468	213
12	214
13	214
16	214
17	214
18	214
19	214
20	214
41	214
42	214
43	214
46	214
47	214
424	214
425	214
430	214
431	214
432	214
466	214
467	214
468	214
12	215
13	215
16	215
17	215
18	215
19	215
20	215
41	215
42	215
43	215
46	215
47	215
424	215
425	215
430	215
431	215
432	215
466	215
467	215
468	215
12	216
13	216
16	216
17	216
18	216
41	216
42	216
43	216
46	216
47	216
424	216
425	216
429	216
430	216
431	216
432	216
466	216
467	216
468	216
12	217
13	217
41	217
42	217
46	217
47	217
424	217
425	217
429	217
430	217
466	217
467	217
468	217
12	218
13	218
41	218
42	218
46	218
47	218
424	218
425	218
429	218
430	218
466	218
467	218
468	218
12	219
13	219
14	219
15	219
41	219
42	219
46	219
47	219
424	219
425	219
429	219
430	219
466	219
467	219
468	219
12	220
13	220
14	220
15	220
41	220
42	220
46	220
47	220
424	220
425	220
429	220
430	220
466	220
467	220
468	220
13	221
14	221
15	221
41	221
42	221
46	221
47	221
424	221
425	221
429	221
430	221
466	221
467	221
468	221
13	222
14	222
15	222
41	222
42	222
46	222
47	222
424	222
425	222
429	222
430	222
466	222
467	222
468	222
13	223
14	223
15	223
41	223
42	223
46	223
47	223
424	223
425	223
429	223
430	223
466	223
467	223
468	223
13	224
14	224
15	224
41	224
42	224
46	224
47	224
424	224
425	224
429	224
430	224
466	224
467	224
468	224
13	225
14	225
15	225
41	225
42	225
46	225
47	225
424	225
425	225
429	225
430	225
466	225
467	225
468	225
13	226
14	226
15	226
41	226
42	226
46	226
47	226
424	226
425	226
429	226
430	226
466	226
467	226
468	226
13	227
14	227
15	227
41	227
42	227
46	227
47	227
424	227
425	227
429	227
430	227
466	227
467	227
468	227
13	228
14	228
15	228
41	228
42	228
46	228
47	228
424	228
425	228
429	228
430	228
465	228
466	228
467	228
468	228
13	229
14	229
15	229
41	229
42	229
46	229
47	229
424	229
425	229
429	229
430	229
463	229
464	229
465	229
466	229
467	229
468	229
13	230
14	230
15	230
41	230
42	230
46	230
47	230
424	230
425	230
429	230
430	230
463	230
464	230
465	230
466	230
467	230
468	230
13	231
14	231
15	231
41	231
42	231
46	231
47	231
424	231
425	231
429	231
430	231
461	231
462	231
463	231
464	231
465	231
466	231
467	231
13	232
14	232
15	232
41	232
42	232
46	232
47	232
424	232
425	232
429	232
430	232
460	232
461	232
462	232
463	232
464	232
13	233
14	233
15	233
41	233
42	233
46	233
47	233
424	233
425	233
429	233
430	233
460	233
461	233
462	233
463	233
12	234
13	234
14	234
15	234
41	234
42	234
46	234
47	234
424	234
425	234
429	234
430	234
460	234
461	234
462	234
12	235
13	235
14	235
15	235
41	235
42	235
46	235
47	235
424	235
425	235
429	235
430	235
460	235
461	235
462	235
12	236
13	236
41	236
42	236
46	236
47	236
424	236
425	236
429	236
430	236
459	236
460	236
461	236
462	236
12	237
13	237
41	237
42	237
46	237
47	237
424	237
425	237
429	237
430	237
459	237
460	237
12	238
13	238
41	238
42	238
46	238
47	238
424	238
425	238
429	238
430	238
459	238
460	238
12	239
13	239
41	239
42	239
46	239
47	239
424	239
425	239
429	239
430	239
459	239
460	239
12	240
13	240
41	240
42	240
46	240
47	240
424	240
425	240
429	240
430	240
459	240
460	240
12	241
13	241
41	241
42	241
46	241
47	241
424	241
425	241
429	241
430	241
459	241
460	241
12	242
13	242
41	242
42	242
46	242
47	242
424	242
425	242
429	242
430	242
459	242
460	242
12	243
13	243
41	243
42	243
46	243
47	243
424	243
425	243
429	243
430	243
459	243
460	243
12	244
13	244
41	244
42	244
46	244
47	244
424	244
425	244
429	244
430	244
459	244
460	244
12	245
13	245
41	245
42	245
46	245
47	245
424	245
425	245
429	245
430	245
459	245
460	245
12	246
13	246
41	246
42	246
46	246
47	246
424	246
425	246
429	246
430	246
458	246
459	246
460	246
12	247
13	247
41	247
42	247
46	247
47	247
424	247
425	247
429	247
430	247
458	247
459	247
460	247
12	248
13	248
41	248
42	248
46	248
47	248
424	248
425	248
429	248
430	248
456	248
457	248
458	248
459	248
12	249
13	249
41	249
42	249
46	249
47	249
424	249
425	249
429	249
430	249
456	249
457	249
458	249
12	250
13	250
41	250
42	250
46	250
47	250
424	250
425	250
429	250
430	250
456	250
457	250
458	250
12	251
13	251
41	251
42	251
46	251
47	251
424	251
425	251
429	251
430	251
455	251
456	251
457	251
458	251
12	252
13	252
41	252
42	252
46	252
47	252
424	252
425	252
429	252
430	252
455	252
456	252
457	252
12	253
13	253
41	253
42	253
46	253
47	253
48	253
423	253
424	253
425	253
429	253
430	253
454	253
455	253
456	253
457	253
12	254
13	254
41	254
42	254
46	254
47	254
48	254
49	254
50	254
421	254
422	254
423	254
424	254
425	254
429	254
430	254
431	254
432	254
454	254
455	254
456	254
457	254
12	255
13	255
41	255
42	255
46	255
47	255
48	255
49	255
50	255
421	255
422	255
423	255
424	255
425	255
429	255
430	255
431	255
432	255
454	255
455	255
456	255
457	255
12	256
13	256
41	256
42	256
47	256
48	256
49	256
50	256
51	256
52	256
53	256
54	256
55	256
56	256
57	256
58	256
59	256
60	256
61	256
62	256
63	256
64	256
65	256
66	256
67	256
68	256
69	256
70	256
71	256
72	256
73	256
74	256
75	256
76	256
77	256
78	256
79	256
80	256
81	256
82	256
83	256
84	256
85	256
86	256
87	256
88	256
89	256
90	256
91	256
92	256
93	256
94	256
95	256
96	256
97	256
98	256
99	256
100	256
101	256
102	256
103	256
104	256
105	256
106	256
107	256
108	256
109	256
110	256
111	256
112	256
113	256
114	256
115	256
116	256
117	256
118	256
119	256
120	256
121	256
122	256
123	256
124	256
125	256
126	256
127	256
128	256
129	256
130	256
131	256
132	256
133	256
134	256
135	256
136	256
137	256
138	256
139	256
140	256
141	256
142	256
143	256
144	256
145	256
146	256
147	256
148	256
149	256
150	256
151	256
152	256
153	256
154	256
155	256
156	256
157	256
158	256
159	256
160	256
161	256
162	256
163	256
164	256
165	256
166	256
167	256
168	256
169	256
170	256
171	256
172	256
173	256
174	256
175	256
176	256
177	256
178	256
179	256
180	256
181	256
182	256
183	256
184	256
185	256
186	256
187	256
188	256
189	256
190	256
191	256
192	256
193	256
194	256
195	256
196	256
197	256
198	256
199	256
200	256
201	256
202	256
203	256
204	256
205	256
206	256
207	256
208	256
209	256
210	256
211	256
212	256
213	256
214	256
215	256
216	256
217	256
218	256
219	256
220	256
221	256
222	256
223	256
224	256
225	256
226	256
227	256
228	256
229	256
230	256
231	256
232	256
233	256
234	256
235	256
236	256
237	256
238	256
239	256
240	256
241	256
242	256
243	256
244	256
245	256
246	256
247	256
248	256
249	256
250	256
251	256
252	256
253	256
254	256
255	256
256	256
257	256
258	256
259	256
260	256
261	256
262	256
263	256
264	256
265	256
266	256
267	256
268	256
269	256
270	256
271	256
272	256
273	256
274	256
275	256
276	256
277	256
278	256
279	256
280	256
281	256
282	256
283	256
284	256
285	256
286	256
287	256
288	256
289	256
290	256
291	256
292	256
293	256
294	256
295	256
296	256
297	256
298	256
299	256
300	256
301	256
302	256
303	256
304	256
305	256
306	256
307	256
308	256
309	256
310	256
311	256
312	256
313	256
314	256
315	256
316	256
317	256
318	256
319	256
320	256
321	256
322	256
323	256
324	256
325	256
326	256
327	256
328	256
329	256
330	256
331	256
332	256
333	256
334	256
335	256
336	256
337	256
338	256
339	256
340	256
341	256
342	256
343	256
344	256
345	256
346	256
347	256
348	256
349	256
350	256
351	256
352	256
353	256
354	256
355	256
356	256
357	256
358	256
359	256
360	256
361	256
362	256
363	256
364	256
365	256
366	256
367	256
368	256
369	256
370	256
371	256
372	256
373	256
374	256
375	256
376	256
377	256
378	256
379	256
380	256
381	256
382	256
383	256
384	256
385	256
386	256
387	256
388	256
389	256
390	256
391	256
392	256
393	256
394	256
395	256
396	256
397	256
398	256
399	256
400	256
401	256
402	256
403	256
404	256
405	256
406	256
407	256
408	256
409	256
410	256
411	256
412	256
413	256
414	256
415	256
416	256
417	256
418	256
419	256
420	256
421	256
422	256
423	256
424	256
429	256
430	256
431	256
432	256
453	256
454	256
455	256
12	257
13	257
41	257
42	257
43	257
49	257
50	257
51	257
52	257
53	257
54	257
55	257
56	257
57	257
58	257
59	257
60	257
61	257
62	257
63	257
64	257
65	257
66	257
67	257
68	257
69	257
70	257
71	257
72	257
73	257
74	257
75	257
76	257
77	257
78	257
79	257
80	257
81	257
82	257
83	257
84	257
85	257
86	257
87	257
88	257
89	257
90	257
91	257
92	257
93	257
94	257
95	257
96	257
97	257
98	257
99	257
100	257
101	257
102	257
103	257
104	257
105	257
106	257
107	257
108	257
109	257
110	257
111	257
112	257
113	257
114	257
115	257
116	257
117	257
118	257
119	257
120	257
121	257
122	257
123	257
124	257
125	257
126	257
127	257
128	257
129	257
130	257
131	257
132	257
133	257
134	257
135	257
136	257
137	257
138	257
139	257
140	257
141	257
142	257
143	257
144	257
145	257
146	257
147	257
148	257
149	257
150	257
151	257
152	257
153	257
154	257
155	257
156	257
157	257
158	257
159	257
160	257
161	257
162	257
163	257
164	257
165	257
166	257
167	257
168	257
169	257
170	257
171	257
172	257
173	257
174	257
175	257
176	257
177	257
178	257
179	257
180	257
181	257
182	257
183	257
184	257
185	257
186	257
187	257
188	257
189	257
190	257
191	257
192	257
193	257
194	257
195	257
196	257
197	257
198	257
199	257
200	257
201	257
202	257
203	257
204	257
205	257
206	257
207	257
208	257
209	257
210	257
211	257
212	257
213	257
214	257
215	257
216	257
217	257
218	257
219	257
220	257
221	257
222	257
223	257
224	257
225	257
226	257
227	257
228	257
229	257
230	257
231	257
232	257
233	257
234	257
235	257
236	257
237	257
238	257
239	257
240	257
241	257
242	257
243	257
244	257
245	257
246	257
247	257
248	257
249	257
250	257
251	257
252	257
253	257
254	257
255	257
256	257
257	257
258	257
259	257
260	257
261	257
262	257
263	257
264	257
265	257
266	257
267	257
268	257
269	257
270	257
271	257
272	257
273	257
274	257
275	257
276	257
277	257
278	257
279	257
280	257
281	257
282	257
283	257
284	257
285	257
286	257
287	257
288	257
289	257
290	257
291	257
292	257
293	257
294	257
295	257
296	257
297	257
298	257
299	257
300	257
301	257
302	257
303	257
304	257
305	257
306	257
307	257
308	257
309	257
310	257
311	257
312	257
313	257
314	257
315	257
316	257
317	257
318	257
319	257
320	257
321	257
322	257
323	257
324	257
325	257
326	257
327	257
328	257
329	257
330	257
331	257
332	257
333	257
334	257
335	257
336	257
337	257
338	257
339	257
340	257
341	257
342	257
343	257
344	257
345	257
346	257
347	257
348	257
349	257
350	257
351	257
352	257
353	257
354	257
355	257
356	257
357	257
358	257
359	257
360	257
361	257
362	257
363	257
364	257
365	257
366	257
367	257
368	257
369	257
370	257
371	257
372	257
373	257
374	257
375	257
376	257
377	257
378	257
379	257
380	257
381	257
382	257
383	257
384	257
385	257
386	257
387	257
388	257
389	257
390	257
391	257
392	257
393	257
394	257
395	257
396	257
397	257
398	257
399	257
400	257
401	257
402	257
403	257
404	257
405	257
406	257
407	257
408	257
409	257
410	257
411	257
412	257
413	257
414	257
415	257
416	257
417	257
418	257
419	257
420	257
421	257
422	257
428	257
429	257
430	257
453	257
454	257
12	258
13	258
42	258
43	258
44	258
45	258
135	258
136	258
137	258
426	258
427	258
428	258
429	258
430	258
453	258
454	258
12	259
13	259
42	259
43	259
44	259
45	259
46	259
135	259
136	259
137	259
138	259
304	259
305	259
306	259
333	259
334	259
424	259
425	259
426	259
427	259
428	259
429	259
451	259
452	259
453	259
454	259
12	260
13	260
42	260
43	260
44	260
45	260
46	260
135	260
136	260
137	260
138	260
304	260
305	260
306	260
333	260
334	260
424	260
425	260
426	260
427	260
428	260
429	260
451	260
452	260
453	260
454	260
12	261
13	261
43	261
44	261
45	261
46	261
47	261
48	261
49	261
50	261
51	261
52	261
53	261
54	261
55	261
56	261
57	261
58	261
59	261
60	261
61	261
62	261
63	261
64	261
65	261
66	261
67	261
68	261
69	261
70	261
71	261
72	261
73	261
74	261
75	261
76	261
77	261
78	261
79	261
80	261
81	261
82	261
83	261
84	261
85	261
86	261
87	261
88	261
89	261
90	261
91	261
92	261
93	261
94	261
95	261
96	261
97	261
98	261
99	261
100	261
101	261
102	261
103	261
104	261
105	261
106	261
107	261
108	261
109	261
110	261
111	261
112	261
113	261
114	261
115	261
116	261
117	261
118	261
119	261
120	261
121	261
122	261
123	261
124	261
125	261
126	261
127	261
128	261
129	261
130	261
131	261
132	261
133	261
134	261
135	261
136	261
137	261
138	261
139	261
140	261
141	261
142	261
143	261
144	261
145	261
146	261
147	261
148	261
149	261
150	261
151	261
152	261
153	261
154	261
155	261
156	261
157	261
158	261
159	261
160	261
161	261
162	261
163	261
164	261
165	261
166	261
167	261
168	261
169	261
170	261
171	261
172	261
173	261
174	261
175	261
176	261
177	261
178	261
179	261
180	261
181	261
182	261
183	261
184	261
185	261
186	261
187	261
188	261
189	261
190	261
191	261
192	261
193	261
194	261
195	261
196	261
197	261
198	261
199	261
200	261
201	261
202	261
203	261
204	261
205	261
206	261
207	261
208	261
209	261
210	261
211	261
212	261
213	261
214	261
215	261
216	261
217	261
218	261
219	261
220	261
221	261
222	261
223	261
224	261
225	261
226	261
227	261
228	261
229	261
230	261
231	261
232	261
233	261
234	261
235	261
236	261
237	261
238	261
239	261
240	261
241	261
242	261
243	261
244	261
245	261
246	261
247	261
248	261
249	261
250	261
251	261
252	261
253	261
254	261
255	261
256	261
257	261
258	261
259	261
260	261
261	261
262	261
263	261
264	261
265	261
266	261
267	261
268	261
269	261
270	261
271	261
272	261
273	261
274	261
275	261
276	261
277	261
278	261
279	261
280	261
281	261
282	261
283	261
284	261
285	261
286	261
287	261
288	261
289	261
290	261
291	261
292	261
293	261
294	261
295	261
296	261
297	261
298	261
299	261
300	261
301	261
302	261
303	261
304	261
305	261
306	261
307	261
308	261
309	261
310	261
311	261
312	261
313	261
314	261
315	261
316	261
317	261
318	261
319	261
320	261
321	261
322	261
323	261
324	261
325	261
326	261
327	261
328	261
329	261
330	261
331	261
332	261
333	261
334	261
335	261
336	261
337	261
338	261
339	261
340	261
341	261
342	261
343	261
344	261
345	261
346	261
347	261
348	261
349	261
350	261
351	261
352	261
353	261
354	261
355	261
356	261
357	261
358	261
359	261
360	261
361	261
362	261
363	261
364	261
365	261
366	261
367	261
368	261
369	261
370	261
371	261
372	261
373	261
374	261
375	261
376	261
377	261
378	261
379	261
380	261
381	261
382	261
383	261
384	261
385	261
386	261
387	261
388	261
389	261
390	261
391	261
392	261
393	261
394	261
395	261
396	261
397	261
398	261
399	261
400	261
401	261
402	261
403	261
404	261
405	261
406	261
407	261
408	261
409	261
410	261
411	261
412	261
413	261
414	261
415	261
416	261
417	261
418	261
419	261
420	261
421	261
422	261
423	261
424	261
425	261
426	261
427	261
428	261
450	261
451	261
452	261
453	261
454	261
12	262
13	262
46	262
47	262
48	262
49	262
50	262
51	262
52	262
53	262
54	262
55	262
56	262
57	262
58	262
59	262
60	262
61	262
62	262
63	262
64	262
65	262
66	262
67	262
68	262
69	262
70	262
71	262
72	262
73	262
74	262
75	262
76	262
77	262
78	262
79	262
80	262
81	262
82	262
83	262
84	262
85	262
86	262
87	262
88	262
89	262
90	262
91	262
92	262
93	262
94	262
95	262
96	262
97	262
98	262
99	262
100	262
101	262
102	262
103	262
104	262
105	262
106	262
107	262
108	262
109	262
110	262
111	262
112	262
113	262
114	262
115	262
116	262
117	262
118	262
119	262
120	262
121	262
122	262
123	262
124	262
125	262
126	262
127	262
128	262
129	262
130	262
131	262
132	262
133	262
134	262
135	262
136	262
137	262
138	262
139	262
140	262
141	262
142	262
143	262
144	262
145	262
146	262
147	262
148	262
149	262
150	262
151	262
152	262
153	262
154	262
155	262
156	262
157	262
158	262
159	262
160	262
161	262
162	262
163	262
164	262
165	262
166	262
167	262
168	262
169	262
170	262
171	262
172	262
173	262
174	262
175	262
176	262
177	262
178	262
179	262
180	262
181	262
182	262
183	262
184	262
185	262
186	262
187	262
188	262
189	262
190	262
191	262
192	262
193	262
194	262
195	262
196	262
197	262
198	262
199	262
200	262
201	262
202	262
203	262
204	262
205	262
206	262
207	262
208	262
209	262
210	262
211	262
212	262
213	262
214	262
215	262
216	262
217	262
218	262
219	262
220	262
221	262
222	262
223	262
224	262
225	262
226	262
227	262
228	262
229	262
230	262
231	262
232	262
233	262
234	262
235	262
236	262
237	262
238	262
239	262
240	262
241	262
242	262
243	262
244	262
245	262
246	262
247	262
248	262
249	262
250	262
251	262
252	262
253	262
254	262
255	262
256	262
257	262
258	262
259	262
260	262
261	262
262	262
263	262
264	262
265	262
266	262
267	262
268	262
269	262
270	262
271	262
272	262
273	262
274	262
275	262
276	262
277	262
278	262
279	262
280	262
281	262
282	262
283	262
284	262
285	262
286	262
287	262
288	262
289	262
290	262
291	262
292	262
293	262
294	262
295	262
296	262
297	262
298	262
299	262
300	262
301	262
302	262
303	262
304	262
305	262
306	262
307	262
308	262
309	262
310	262
311	262
312	262
313	262
314	262
315	262
316	262
317	262
318	262
319	262
320	262
321	262
322	262
323	262
324	262
325	262
326	262
327	262
328	262
329	262
330	262
331	262
332	262
333	262
334	262
335	262
336	262
337	262
338	262
339	262
340	262
341	262
342	262
343	262
344	262
345	262
346	262
347	262
348	262
349	262
350	262
351	262
352	262
353	262
354	262
355	262
356	262
357	262
358	262
359	262
360	262
361	262
362	262
363	262
364	262
365	262
366	262
367	262
368	262
369	262
370	262
371	262
372	262
373	262
374	262
375	262
376	262
377	262
378	262
379	262
380	262
381	262
382	262
383	262
384	262
385	262
386	262
387	262
388	262
389	262
390	262
391	262
392	262
393	262
394	262
395	262
396	262
397	262
398	262
399	262
400	262
401	262
402	262
403	262
404	262
405	262
406	262
407	262
408	262
409	262
410	262
411	262
412	262
413	262
414	262
415	262
416	262
417	262
418	262
419	262
420	262
421	262
422	262
423	262
424	262
425	262
450	262
451	262
452	262
453	262
12	263
13	263
269	263
270	263
271	263
450	263
451	263
452	263
12	264
13	264
14	264
15	264
449	264
450	264
451	264
452	264
12	265
13	265
14	265
15	265
449	265
450	265
451	265
452	265
13	266
14	266
15	266
449	266
450	266
12	267
13	267
14	267
15	267
448	267
449	267
450	267
12	268
13	268
445	268
446	268
447	268
448	268
449	268
450	268
8	269
9	269
10	269
11	269
12	269
13	269
444	269
445	269
446	269
447	269
448	269
449	269
8	270
9	270
10	270
11	270
12	270
13	270
444	270
445	270
446	270
447	270
448	270
449	270
6	271
7	271
8	271
9	271
10	271
11	271
12	271
13	271
443	271
444	271
445	271
446	271
447	271
6	272
7	272
8	272
441	272
442	272
443	272
444	272
445	272
6	273
7	273
440	273
441	273
442	273
443	273
444	273
6	274
7	274
439	274
440	274
441	274
442	274
443	274
6	275
7	275
439	275
440	275
441	275
442	275
443	275
6	276
7	276
438	276
439	276
440	276
441	276
442	276
6	277
7	277
436	277
437	277
438	277
439	277
440	277
441	277
442	277
6	278
7	278
12	278
13	278
436	278
437	278
438	278
439	278
440	278
441	278
442	278
6	279
7	279
9	279
10	279
11	279
12	279
13	279
436	279
437	279
438	279
439	279
440	279
441	279
442	279
443	279
6	280
7	280
9	280
10	280
11	280
12	280
13	280
436	280
437	280
438	280
439	280
440	280
441	280
442	280
443	280
6	281
7	281
9	281
10	281
11	281
12	281
13	281
439	281
440	281
441	281
442	281
443	281
6	282
7	282
9	282
10	282
11	282
12	282
13	282
438	282
439	282
440	282
6	283
7	283
9	283
10	283
11	283
12	283
13	283
436	283
437	283
438	283
439	283
6	284
7	284
9	284
10	284
11	284
12	284
13	284
434	284
435	284
436	284
437	284
438	284
439	284
6	285
7	285
9	285
10	285
11	285
12	285
13	285
434	285
435	285
436	285
437	285
438	285
439	285
6	286
7	286
9	286
10	286
11	286
12	286
13	286
431	286
432	286
433	286
434	286
435	286
436	286
437	286
438	286
6	287
7	287
9	287
10	287
11	287
12	287
13	287
430	287
431	287
432	287
433	287
434	287
435	287
6	288
7	288
9	288
10	288
11	288
12	288
13	288
430	288
431	288
432	288
433	288
6	289
7	289
9	289
10	289
11	289
12	289
13	289
429	289
430	289
431	289
432	289
6	290
7	290
9	290
10	290
11	290
12	290
13	290
429	290
430	290
431	290
432	290
6	291
7	291
8	291
12	291
13	291
429	291
430	291
431	291
432	291
6	292
7	292
8	292
9	292
10	292
429	292
430	292
7	293
8	293
9	293
10	293
11	293
428	293
429	293
430	293
8	294
9	294
10	294
11	294
12	294
424	294
425	294
426	294
427	294
428	294
429	294
430	294
8	295
9	295
10	295
11	295
12	295
424	295
425	295
426	295
427	295
428	295
429	295
430	295
9	296
10	296
11	296
12	296
421	296
422	296
423	296
424	296
425	296
426	296
427	296
428	296
429	296
11	297
12	297
420	297
421	297
422	297
423	297
424	297
11	298
12	298
419	298
420	298
421	298
422	298
423	298
11	299
12	299
418	299
419	299
420	299
421	299
422	299
11	300
12	300
418	300
419	300
420	300
421	300
422	300
11	301
12	301
13	301
418	301
419	301
420	301
12	302
13	302
19	302
20	302
21	302
22	302
23	302
418	302
419	302
12	303
13	303
19	303
20	303
21	303
22	303
23	303
418	303
419	303
12	304
13	304
14	304
15	304
16	304
18	304
19	304
20	304
21	304
22	304
23	304
418	304
419	304
12	305
13	305
14	305
15	305
16	305
18	305
19	305
20	305
21	305
22	305
23	305
418	305
419	305
12	306
13	306
14	306
15	306
16	306
18	306
19	306
20	306
22	306
23	306
418	306
419	306
14	307
15	307
16	307
18	307
19	307
20	307
21	307
22	307
23	307
418	307
419	307
14	308
15	308
16	308
17	308
19	308
20	308
21	308
22	308
23	308
416	308
417	308
418	308
419	308
16	309
17	309
19	309
20	309
21	309
22	309
23	309
408	309
409	309
410	309
411	309
412	309
413	309
414	309
415	309
416	309
417	309
418	309
419	309
16	310
17	310
19	310
20	310
21	310
22	310
23	310
408	310
409	310
410	310
411	310
412	310
413	310
414	310
415	310
416	310
417	310
418	310
419	310
14	311
15	311
16	311
17	311
19	311
20	311
21	311
22	311
23	311
365	311
366	311
367	311
406	311
407	311
408	311
409	311
410	311
411	311
412	311
413	311
414	311
415	311
416	311
417	311
418	311
13	312
14	312
15	312
16	312
19	312
20	312
21	312
22	312
23	312
31	312
32	312
33	312
34	312
35	312
36	312
37	312
38	312
39	312
40	312
41	312
42	312
43	312
44	312
45	312
46	312
365	312
366	312
367	312
368	312
370	312
371	312
372	312
373	312
374	312
403	312
404	312
405	312
406	312
407	312
408	312
409	312
12	313
13	313
14	313
15	313
16	313
17	313
18	313
29	313
30	313
31	313
32	313
33	313
34	313
35	313
36	313
37	313
38	313
39	313
40	313
41	313
42	313
43	313
44	313
45	313
46	313
64	313
65	313
66	313
67	313
365	313
366	313
367	313
368	313
369	313
370	313
371	313
372	313
373	313
374	313
375	313
376	313
377	313
378	313
384	313
385	313
386	313
387	313
400	313
401	313
402	313
403	313
404	313
405	313
406	313
407	313
408	313
12	314
13	314
14	314
15	314
17	314
18	314
29	314
30	314
31	314
32	314
33	314
39	314
40	314
41	314
42	314
43	314
44	314
45	314
46	314
47	314
51	314
52	314
53	314
54	314
55	314
56	314
63	314
64	314
65	314
66	314
67	314
355	314
356	314
357	314
358	314
359	314
365	314
366	314
367	314
369	314
370	314
371	314
372	314
374	314
375	314
376	314
377	314
378	314
379	314
380	314
381	314
382	314
383	314
384	314
385	314
386	314
387	314
388	314
399	314
400	314
401	314
402	314
403	314
12	315
13	315
14	315
15	315
17	315
18	315
29	315
30	315
31	315
32	315
33	315
39	315
40	315
41	315
42	315
43	315
44	315
45	315
46	315
47	315
51	315
52	315
53	315
54	315
55	315
56	315
63	315
64	315
65	315
66	315
67	315
355	315
356	315
357	315
358	315
359	315
365	315
366	315
367	315
369	315
370	315
371	315
372	315
374	315
375	315
376	315
377	315
378	315
379	315
380	315
381	315
382	315
383	315
384	315
385	315
386	315
387	315
388	315
399	315
400	315
401	315
402	315
403	315
12	316
13	316
17	316
18	316
19	316
20	316
21	316
29	316
30	316
31	316
32	316
33	316
34	316
35	316
36	316
37	316
38	316
39	316
40	316
41	316
42	316
43	316
44	316
45	316
46	316
47	316
48	316
49	316
50	316
51	316
52	316
53	316
54	316
55	316
56	316
61	316
62	316
63	316
64	316
65	316
66	316
67	316
350	316
351	316
352	316
353	316
354	316
355	316
356	316
357	316
358	316
359	316
360	316
365	316
366	316
367	316
369	316
370	316
371	316
372	316
378	316
379	316
380	316
381	316
382	316
383	316
384	316
385	316
386	316
387	316
388	316
398	316
399	316
400	316
401	316
402	316
12	317
13	317
17	317
18	317
19	317
20	317
21	317
22	317
23	317
24	317
25	317
26	317
27	317
28	317
33	317
34	317
35	317
36	317
37	317
38	317
39	317
40	317
47	317
48	317
49	317
50	317
51	317
61	317
62	317
63	317
350	317
351	317
352	317
353	317
354	317
355	317
358	317
359	317
360	317
365	317
366	317
367	317
369	317
370	317
386	317
387	317
388	317
396	317
397	317
398	317
399	317
400	317
12	318
13	318
14	318
15	318
16	318
17	318
18	318
19	318
20	318
21	318
22	318
23	318
24	318
25	318
26	318
27	318
28	318
29	318
30	318
31	318
32	318
33	318
34	318
35	318
41	318
42	318
43	318
61	318
62	318
63	318
64	318
65	318
66	318
67	318
68	318
69	318
70	318
71	318
345	318
346	318
347	318
348	318
349	318
350	318
351	318
352	318
353	318
354	318
355	318
356	318
357	318
358	318
359	318
360	318
361	318
362	318
363	318
364	318
365	318
366	318
367	318
369	318
370	318
386	318
387	318
388	318
389	318
395	318
396	318
397	318
398	318
399	318
12	319
13	319
14	319
15	319
16	319
17	319
18	319
27	319
28	319
29	319
30	319
31	319
32	319
33	319
34	319
35	319
36	319
37	319
38	319
39	319
40	319
41	319
42	319
43	319
44	319
45	319
46	319
47	319
48	319
49	319
50	319
51	319
52	319
53	319
54	319
55	319
56	319
57	319
58	319
61	319
62	319
63	319
64	319
65	319
66	319
67	319
68	319
69	319
70	319
71	319
72	319
73	319
74	319
75	319
345	319
346	319
347	319
348	319
349	319
350	319
351	319
352	319
353	319
354	319
355	319
356	319
357	319
358	319
359	319
360	319
361	319
362	319
363	319
364	319
365	319
366	319
367	319
369	319
370	319
388	319
389	319
390	319
391	319
392	319
393	319
394	319
395	319
396	319
397	319
398	319
12	320
13	320
14	320
15	320
16	320
17	320
18	320
27	320
28	320
29	320
30	320
31	320
32	320
33	320
34	320
35	320
36	320
37	320
38	320
39	320
40	320
41	320
42	320
43	320
44	320
45	320
46	320
47	320
48	320
49	320
50	320
51	320
52	320
53	320
54	320
55	320
56	320
57	320
58	320
61	320
62	320
63	320
64	320
65	320
66	320
67	320
68	320
69	320
70	320
71	320
72	320
73	320
74	320
75	320
345	320
346	320
347	320
348	320
349	320
350	320
351	320
352	320
353	320
354	320
355	320
356	320
357	320
358	320
359	320
360	320
361	320
362	320
363	320
364	320
365	320
366	320
367	320
369	320
370	320
388	320
389	320
390	320
391	320
392	320
393	320
394	320
395	320
396	320
397	320
398	320
34	321
35	321
36	321
37	321
38	321
39	321
40	321
41	321
43	321
44	321
45	321
46	321
47	321
48	321
49	321
50	321
51	321
52	321
53	321
54	321
55	321
56	321
57	321
58	321
59	321
60	321
71	321
72	321
73	321
74	321
75	321
369	321
370	321
388	321
389	321
390	321
391	321
392	321
393	321
394	321
395	321
396	321
397	321
57	322
58	322
59	322
60	322
61	322
62	322
63	322
64	322
65	322
66	322
67	322
352	322
353	322
354	322
355	322
356	322
357	322
358	322
359	322
360	322
361	322
362	322
363	322
368	322
369	322
370	322
58	323
59	323
60	323
61	323
62	323
63	323
64	323
65	323
66	323
67	323
68	323
69	323
70	323
71	323
347	323
348	323
349	323
350	323
351	323
352	323
353	323
354	323
355	323
356	323
357	323
358	323
359	323
360	323
361	323
362	323
363	323
364	323
365	323
366	323
367	323
368	323
369	323
370	323
67	324
68	324
69	324
70	324
71	324
72	324
73	324
74	324
75	324
76	324
345	324
346	324
347	324
348	324
349	324
350	324
351	324
352	324
363	324
364	324
365	324
366	324
367	324
368	324
369	324
67	325
68	325
69	325
70	325
71	325
72	325
73	325
74	325
75	325
76	325
345	325
346	325
347	325
348	325
349	325
350	325
351	325
352	325
363	325
364	325
365	325
366	325
367	325
368	325
369	325
71	326
72	326
73	326
74	326
75	326
76	326
77	326
78	326
121	326
122	326
123	326
124	326
125	326
126	326
345	326
346	326
347	326
348	326
74	327
75	327
76	327
77	327
78	327
79	327
80	327
121	327
122	327
123	327
124	327
125	327
126	327
323	327
324	327
325	327
326	327
327	327
328	327
329	327
330	327
331	327
332	327
333	327
334	327
335	327
336	327
344	327
345	327
346	327
347	327
77	328
78	328
79	328
80	328
81	328
122	328
123	328
124	328
125	328
126	328
128	328
129	328
130	328
131	328
133	328
134	328
135	328
136	328
214	328
215	328
216	328
319	328
320	328
321	328
322	328
323	328
324	328
325	328
326	328
327	328
328	328
329	328
330	328
331	328
332	328
333	328
334	328
335	328
336	328
344	328
345	328
346	328
78	329
79	329
80	329
81	329
82	329
96	329
97	329
98	329
99	329
100	329
101	329
102	329
103	329
104	329
105	329
106	329
107	329
108	329
109	329
110	329
111	329
112	329
113	329
114	329
115	329
116	329
117	329
118	329
123	329
124	329
125	329
126	329
127	329
128	329
129	329
130	329
131	329
132	329
133	329
134	329
135	329
136	329
160	329
161	329
162	329
163	329
164	329
165	329
166	329
167	329
168	329
169	329
170	329
171	329
172	329
173	329
174	329
175	329
176	329
177	329
178	329
179	329
180	329
181	329
182	329
183	329
184	329
185	329
186	329
187	329
188	329
214	329
215	329
216	329
217	329
304	329
305	329
306	329
307	329
308	329
309	329
310	329
311	329
312	329
313	329
314	329
315	329
316	329
317	329
318	329
319	329
320	329
321	329
322	329
323	329
334	329
335	329
336	329
343	329
344	329
345	329
346	329
78	330
79	330
80	330
81	330
82	330
96	330
97	330
98	330
99	330
100	330
101	330
102	330
103	330
104	330
105	330
106	330
107	330
108	330
109	330
110	330
111	330
112	330
113	330
114	330
115	330
116	330
117	330
118	330
123	330
124	330
125	330
126	330
127	330
128	330
129	330
130	330
131	330
132	330
133	330
134	330
135	330
136	330
160	330
161	330
162	330
163	330
164	330
165	330
166	330
167	330
168	330
169	330
170	330
171	330
172	330
173	330
174	330
175	330
176	330
177	330
178	330
179	330
180	330
181	330
182	330
183	330
184	330
185	330
186	330
187	330
188	330
214	330
215	330
216	330
217	330
304	330
305	330
306	330
307	330
308	330
309	330
310	330
311	330
312	330
313	330
314	330
315	330
316	330
317	330
318	330
319	330
320	330
321	330
322	330
323	330
334	330
335	330
336	330
343	330
344	330
345	330
346	330
79	331
80	331
81	331
82	331
83	331
94	331
95	331
96	331
97	331
98	331
99	331
100	331
101	331
102	331
103	331
104	331
105	331
106	331
107	331
108	331
109	331
110	331
111	331
112	331
113	331
114	331
115	331
116	331
117	331
118	331
119	331
120	331
121	331
122	331
126	331
127	331
128	331
130	331
131	331
132	331
133	331
134	331
137	331
138	331
160	331
161	331
162	331
163	331
164	331
165	331
166	331
167	331
168	331
169	331
170	331
171	331
172	331
173	331
174	331
175	331
176	331
177	331
178	331
179	331
180	331
181	331
182	331
183	331
184	331
185	331
186	331
187	331
188	331
202	331
203	331
214	331
215	331
216	331
217	331
303	331
304	331
305	331
306	331
307	331
308	331
309	331
310	331
311	331
312	331
313	331
314	331
315	331
316	331
317	331
318	331
319	331
320	331
321	331
334	331
335	331
336	331
342	331
343	331
344	331
345	331
81	332
82	332
83	332
84	332
85	332
93	332
94	332
95	332
96	332
97	332
118	332
119	332
120	332
121	332
122	332
123	332
132	332
133	332
134	332
135	332
136	332
137	332
138	332
153	332
154	332
155	332
156	332
157	332
158	332
159	332
160	332
161	332
162	332
163	332
164	332
165	332
166	332
183	332
184	332
185	332
186	332
187	332
188	332
189	332
190	332
191	332
192	332
193	332
194	332
195	332
196	332
197	332
198	332
199	332
200	332
201	332
202	332
203	332
204	332
215	332
216	332
217	332
218	332
219	332
220	332
221	332
222	332
223	332
224	332
225	332
226	332
227	332
248	332
249	332
250	332
251	332
252	332
253	332
254	332
258	332
259	332
299	332
300	332
301	332
302	332
303	332
304	332
305	332
306	332
334	332
335	332
336	332
337	332
340	332
341	332
342	332
343	332
344	332
82	333
83	333
84	333
85	333
86	333
87	333
88	333
89	333
90	333
91	333
92	333
93	333
94	333
95	333
96	333
121	333
122	333
123	333
124	333
125	333
126	333
127	333
128	333
129	333
130	333
131	333
133	333
134	333
135	333
136	333
137	333
138	333
139	333
149	333
150	333
151	333
152	333
153	333
154	333
155	333
156	333
157	333
158	333
159	333
160	333
161	333
162	333
163	333
164	333
165	333
166	333
168	333
169	333
170	333
171	333
172	333
173	333
174	333
175	333
176	333
177	333
178	333
179	333
180	333
181	333
182	333
183	333
184	333
185	333
186	333
187	333
188	333
189	333
190	333
191	333
192	333
193	333
194	333
195	333
196	333
197	333
198	333
199	333
200	333
201	333
202	333
203	333
204	333
215	333
216	333
217	333
218	333
219	333
220	333
221	333
222	333
223	333
224	333
225	333
226	333
227	333
248	333
249	333
250	333
251	333
252	333
253	333
254	333
255	333
256	333
257	333
258	333
259	333
297	333
298	333
299	333
300	333
301	333
302	333
303	333
304	333
334	333
335	333
336	333
337	333
338	333
339	333
340	333
341	333
342	333
343	333
83	334
84	334
85	334
86	334
87	334
88	334
89	334
90	334
91	334
92	334
93	334
94	334
95	334
122	334
123	334
124	334
125	334
126	334
127	334
128	334
129	334
130	334
131	334
132	334
138	334
139	334
140	334
141	334
142	334
148	334
149	334
150	334
151	334
152	334
153	334
168	334
169	334
170	334
171	334
172	334
173	334
174	334
175	334
176	334
177	334
178	334
179	334
180	334
181	334
182	334
183	334
254	334
255	334
256	334
257	334
258	334
295	334
296	334
297	334
298	334
299	334
335	334
336	334
337	334
338	334
339	334
340	334
341	334
342	334
83	335
84	335
85	335
86	335
87	335
88	335
89	335
90	335
91	335
92	335
93	335
94	335
122	335
123	335
124	335
125	335
126	335
127	335
128	335
129	335
130	335
131	335
132	335
138	335
139	335
140	335
141	335
142	335
148	335
149	335
150	335
151	335
152	335
153	335
168	335
169	335
170	335
171	335
172	335
173	335
174	335
175	335
176	335
177	335
178	335
179	335
180	335
181	335
182	335
183	335
254	335
255	335
256	335
257	335
258	335
295	335
296	335
297	335
298	335
299	335
335	335
336	335
337	335
338	335
339	335
340	335
341	335
342	335
129	336
130	336
131	336
132	336
133	336
134	336
139	336
140	336
141	336
142	336
143	336
144	336
145	336
146	336
147	336
148	336
149	336
155	336
156	336
157	336
158	336
159	336
160	336
161	336
162	336
163	336
164	336
165	336
166	336
167	336
168	336
169	336
170	336
171	336
172	336
173	336
174	336
175	336
176	336
177	336
178	336
179	336
180	336
181	336
182	336
183	336
184	336
185	336
186	336
187	336
188	336
189	336
190	336
191	336
192	336
193	336
194	336
195	336
196	336
197	336
222	336
223	336
224	336
225	336
226	336
227	336
228	336
229	336
230	336
231	336
232	336
233	336
234	336
235	336
236	336
237	336
238	336
239	336
240	336
241	336
242	336
243	336
244	336
245	336
246	336
247	336
248	336
249	336
250	336
251	336
252	336
294	336
295	336
296	336
297	336
298	336
130	337
131	337
132	337
133	337
134	337
135	337
136	337
137	337
140	337
141	337
142	337
143	337
144	337
145	337
146	337
147	337
148	337
152	337
153	337
154	337
155	337
156	337
157	337
158	337
159	337
160	337
161	337
162	337
163	337
164	337
165	337
166	337
167	337
168	337
169	337
170	337
171	337
172	337
173	337
174	337
175	337
176	337
177	337
178	337
179	337
180	337
181	337
182	337
183	337
184	337
185	337
186	337
187	337
188	337
189	337
190	337
191	337
192	337
193	337
194	337
195	337
196	337
197	337
198	337
199	337
200	337
201	337
202	337
218	337
219	337
220	337
221	337
222	337
223	337
224	337
225	337
226	337
227	337
228	337
229	337
230	337
231	337
232	337
233	337
234	337
235	337
236	337
237	337
238	337
239	337
240	337
241	337
242	337
243	337
244	337
245	337
246	337
247	337
248	337
249	337
250	337
251	337
252	337
253	337
254	337
255	337
256	337
293	337
294	337
295	337
296	337
297	337
134	338
135	338
136	338
137	338
138	338
139	338
150	338
151	338
152	338
153	338
154	338
155	338
156	338
197	338
198	338
199	338
200	338
201	338
202	338
218	338
219	338
220	338
221	338
222	338
252	338
253	338
254	338
255	338
256	338
292	338
293	338
294	338
295	338
296	338
135	339
136	339
137	339
138	339
139	339
140	339
141	339
142	339
143	339
144	339
145	339
146	339
147	339
148	339
149	339
150	339
151	339
152	339
153	339
200	339
201	339
202	339
217	339
218	339
219	339
253	339
254	339
255	339
256	339
292	339
293	339
294	339
295	339
296	339
297	339
136	340
137	340
138	340
139	340
140	340
141	340
142	340
143	340
144	340
145	340
146	340
147	340
148	340
149	340
150	340
151	340
152	340
153	340
200	340
201	340
202	340
217	340
218	340
219	340
253	340
254	340
255	340
256	340
292	340
293	340
294	340
295	340
296	340
297	340
138	341
139	341
140	341
141	341
142	341
143	341
144	341
145	341
146	341
147	341
148	341
149	341
150	341
151	341
152	341
200	341
201	341
202	341
217	341
218	341
252	341
253	341
254	341
283	341
284	341
285	341
286	341
287	341
288	341
289	341
290	341
291	341
292	341
293	341
295	341
296	341
297	341
200	342
201	342
202	342
215	342
216	342
217	342
218	342
252	342
253	342
254	342
255	342
256	342
257	342
258	342
282	342
283	342
284	342
285	342
286	342
287	342
288	342
289	342
290	342
291	342
292	342
293	342
294	342
295	342
296	342
297	342
200	343
201	343
202	343
203	343
214	343
215	343
216	343
217	343
218	343
252	343
253	343
255	343
256	343
257	343
258	343
262	343
263	343
264	343
265	343
266	343
267	343
268	343
269	343
270	343
271	343
272	343
273	343
274	343
275	343
276	343
277	343
278	343
279	343
280	343
281	343
282	343
283	343
284	343
293	343
294	343
295	343
296	343
297	343
202	344
203	344
213	344
214	344
215	344
216	344
217	344
252	344
253	344
258	344
259	344
260	344
261	344
262	344
263	344
264	344
265	344
266	344
267	344
268	344
269	344
270	344
271	344
272	344
273	344
274	344
275	344
276	344
277	344
278	344
279	344
280	344
281	344
282	344
283	344
202	345
203	345
213	345
214	345
215	345
216	345
217	345
252	345
253	345
258	345
259	345
260	345
261	345
262	345
263	345
264	345
265	345
266	345
267	345
268	345
269	345
270	345
271	345
272	345
273	345
274	345
275	345
276	345
277	345
278	345
279	345
280	345
281	345
282	345
283	345
202	346
203	346
204	346
212	346
213	346
214	346
215	346
216	346
252	346
253	346
254	346
255	346
256	346
257	346
258	346
259	346
260	346
261	346
262	346
202	347
203	347
204	347
205	347
206	347
207	347
208	347
209	347
210	347
211	347
212	347
213	347
214	347
252	347
253	347
254	347
255	347
256	347
257	347
258	347
203	348
204	348
205	348
206	348
207	348
208	348
209	348
210	348
211	348
212	348
213	348
