350	6
351	6
352	6
353	6
354	6
355	6
356	6
348	7
349	7
350	7
351	7
352	7
353	7
354	7
355	7
356	7
357	7
348	8
349	8
350	8
351	8
352	8
354	8
355	8
356	8
357	8
348	9
349	9
355	9
356	9
357	9
358	9
359	9
360	9
361	9
362	9
363	9
364	9
365	9
366	9
367	9
348	10
349	10
355	10
356	10
357	10
358	10
359	10
360	10
361	10
362	10
363	10
364	10
365	10
366	10
367	10
347	11
348	11
349	11
350	11
351	11
352	11
354	11
355	11
356	11
357	11
358	11
359	11
360	11
361	11
362	11
363	11
364	11
365	11
366	11
367	11
368	11
347	12
348	12
350	12
351	12
352	12
353	12
354	12
355	12
356	12
365	12
366	12
367	12
368	12
369	12
347	13
348	13
349	13
350	13
351	13
352	13
353	13
354	13
355	13
356	13
367	13
368	13
369	13
370	13
371	13
372	13
373	13
374	13
347	14
348	14
349	14
350	14
351	14
352	14
353	14
354	14
368	14
369	14
370	14
371	14
372	14
373	14
374	14
375	14
376	14
347	15
348	15
349	15
350	15
351	15
352	15
353	15
354	15
368	15
369	15
370	15
371	15
372	15
373	15
374	15
375	15
376	15
347	16
348	16
349	16
350	16
351	16
352	16
353	16
354	16
373	16
374	16
375	16
376	16
377	16
347	17
348	17
349	17
350	17
351	17
353	17
354	17
374	17
375	17
376	17
377	17
378	17
379	17
380	17
381	17
384	17
385	17
386	17
387	17
388	17
389	17
353	18
354	18
377	18
378	18
379	18
380	18
381	18
382	18
384	18
385	18
386	18
387	18
388	18
389	18
352	19
353	19
354	19
379	19
380	19
381	19
382	19
383	19
384	19
385	19
386	19
387	19
388	19
389	19
352	20
353	20
354	20
379	20
380	20
381	20
382	20
383	20
384	20
385	20
386	20
387	20
388	20
389	20
350	21
351	21
352	21
353	21
354	21
380	21
381	21
382	21
383	21
384	21
387	21
388	21
389	21
349	22
350	22
351	22
352	22
353	22
382	22
383	22
384	22
385	22
386	22
348	23
349	23
350	23
351	23
352	23
383	23
384	23
385	23
386	23
387	23
388	23
347	24
348	24
349	24
350	24
351	24
384	24
385	24
386	24
387	24
388	24
389	24
347	25
348	25
349	25
350	25
351	25
384	25
385	25
386	25
387	25
388	25
389	25
345	26
346	26
347	26
348	26
349	26
387	26
388	26
389	26
337	27
338	27
339	27
340	27
341	27
344	27
345	27
346	27
347	27
348	27
388	27
389	27
335	28
336	28
337	28
338	28
339	28
340	28
341	28
342	28
344	28
345	28
346	28
347	28
388	28
389	28
334	29
335	29
336	29
337	29
338	29
339	29
340	29
341	29
342	29
343	29
344	29
345	29
346	29
388	29
389	29
390	29
391	29
334	30
335	30
336	30
337	30
338	30
339	30
340	30
341	30
342	30
343	30
344	30
345	30
346	30
388	30
389	30
390	30
391	30
333	31
334	31
335	31
336	31
337	31
338	31
339	31
342	31
343	31
344	31
388	31
389	31
390	31
391	31
392	31
332	32
333	32
334	32
335	32
336	32
337	32
338	32
339	32
340	32
341	32
342	32
343	32
344	32
389	32
390	32
391	32
392	32
393	32
332	33
333	33
334	33
335	33
336	33
337	33
339	33
340	33
341	33
342	33
343	33
390	33
391	33
392	33
393	33
394	33
395	33
396	33
397	33
398	33
399	33
329	34
330	34
331	34
332	34
333	34
338	34
339	34
340	34
341	34
342	34
392	34
393	34
394	34
395	34
396	34
397	34
398	34
399	34
400	34
401	34
329	35
330	35
331	35
332	35
333	35
338	35
339	35
340	35
341	35
342	35
392	35
393	35
394	35
395	35
396	35
397	35
398	35
399	35
400	35
401	35
328	36
329	36
330	36
331	36
332	36
333	36
334	36
337	36
338	36
339	36
340	36
341	36
398	36
399	36
400	36
401	36
327	37
328	37
329	37
330	37
331	37
333	37
334	37
335	37
336	37
337	37
338	37
339	37
399	37
400	37
401	37
325	38
326	38
327	38
328	38
329	38
334	38
335	38
336	38
337	38
338	38
399	38
400	38
401	38
323	39
324	39
325	39
326	39
327	39
328	39
333	39
334	39
335	39
336	39
337	39
399	39
400	39
401	39
323	40
324	40
325	40
326	40
327	40
328	40
333	40
334	40
335	40
336	40
337	40
399	40
400	40
401	40
323	41
324	41
325	41
326	41
327	41
332	41
333	41
334	41
335	41
336	41
399	41
400	41
401	41
322	42
323	42
324	42
330	42
331	42
332	42
333	42
334	42
399	42
400	42
401	42
319	43
320	43
321	43
322	43
323	43
324	43
329	43
330	43
331	43
332	43
333	43
399	43
400	43
401	43
319	44
320	44
321	44
322	44
323	44
328	44
329	44
330	44
331	44
332	44
399	44
400	44
401	44
319	45
320	45
321	45
322	45
323	45
328	45
329	45
330	45
331	45
332	45
399	45
400	45
401	45
318	46
319	46
320	46
321	46
327	46
328	46
329	46
330	46
331	46
399	46
400	46
401	46
317	47
318	47
319	47
320	47
321	47
325	47
326	47
327	47
328	47
329	47
399	47
400	47
401	47
315	48
316	48
317	48
318	48
319	48
324	48
325	48
326	48
327	48
328	48
398	48
399	48
400	48
401	48
314	49
315	49
316	49
317	49
318	49
323	49
324	49
325	49
326	49
327	49
398	49
399	49
314	50
315	50
316	50
317	50
318	50
323	50
324	50
325	50
326	50
327	50
398	50
399	50
313	51
314	51
315	51
316	51
317	51
322	51
323	51
324	51
325	51
326	51
395	51
396	51
397	51
398	51
399	51
312	52
313	52
314	52
315	52
316	52
320	52
321	52
322	52
323	52
324	52
395	52
396	52
397	52
398	52
310	53
311	53
312	53
313	53
314	53
319	53
320	53
321	53
322	53
323	53
395	53
396	53
397	53
309	54
310	54
311	54
312	54
313	54
318	54
319	54
320	54
321	54
322	54
395	54
396	54
397	54
309	55
310	55
311	55
312	55
313	55
318	55
319	55
320	55
321	55
322	55
395	55
396	55
397	55
308	56
309	56
310	56
311	56
312	56
317	56
318	56
319	56
320	56
321	56
395	56
396	56
397	56
307	57
308	57
309	57
310	57
311	57
315	57
316	57
317	57
318	57
319	57
395	57
396	57
397	57
305	58
306	58
307	58
308	58
309	58
314	58
315	58
316	58
317	58
318	58
395	58
396	58
397	58
304	59
305	59
306	59
307	59
308	59
313	59
314	59
315	59
316	59
317	59
395	59
396	59
397	59
304	60
305	60
306	60
307	60
308	60
313	60
314	60
315	60
316	60
317	60
395	60
396	60
397	60
303	61
304	61
305	61
306	61
307	61
312	61
313	61
314	61
315	61
316	61
395	61
396	61
397	61
302	62
303	62
304	62
305	62
306	62
310	62
311	62
312	62
313	62
314	62
394	62
395	62
396	62
397	62
302	63
303	63
304	63
309	63
310	63
311	63
312	63
313	63
394	63
395	63
396	63
302	64
303	64
308	64
309	64
310	64
311	64
312	64
393	64
394	64
395	64
396	64
302	65
303	65
308	65
309	65
310	65
311	65
312	65
393	65
394	65
395	65
396	65
302	66
303	66
304	66
307	66
308	66
309	66
310	66
311	66
392	66
393	66
394	66
395	66
396	66
303	67
304	67
305	67
306	67
307	67
308	67
309	67
392	67
393	67
394	67
299	68
300	68
301	68
302	68
303	68
304	68
305	68
306	68
307	68
308	68
392	68
393	68
298	69
299	69
300	69
301	69
302	69
303	69
304	69
305	69
306	69
307	69
392	69
393	69
298	70
299	70
300	70
301	70
302	70
303	70
304	70
305	70
306	70
307	70
392	70
393	70
297	71
298	71
299	71
300	71
301	71
392	71
393	71
295	72
296	72
297	72
298	72
299	72
392	72
393	72
294	73
295	73
296	73
297	73
298	73
392	73
393	73
293	74
294	74
295	74
296	74
297	74
390	74
391	74
392	74
393	74
293	75
294	75
295	75
296	75
297	75
390	75
391	75
392	75
393	75
292	76
293	76
294	76
295	76
296	76
389	76
390	76
391	76
392	76
393	76
291	77
292	77
293	77
294	77
389	77
390	77
391	77
392	77
289	78
290	78
291	78
292	78
293	78
388	78
389	78
390	78
391	78
286	79
287	79
288	79
289	79
290	79
291	79
292	79
388	79
389	79
286	80
287	80
288	80
289	80
290	80
291	80
292	80
388	80
389	80
284	81
285	81
286	81
287	81
288	81
289	81
290	81
291	81
388	81
389	81
284	82
285	82
286	82
287	82
388	82
389	82
284	83
285	83
286	83
388	83
389	83
284	84
285	84
286	84
287	84
388	84
389	84
284	85
285	85
286	85
287	85
388	85
389	85
284	86
285	86
286	86
287	86
388	86
389	86
286	87
287	87
288	87
388	87
389	87
287	88
288	88
387	88
388	88
389	88
287	89
288	89
385	89
386	89
387	89
388	89
389	89
287	90
288	90
385	90
386	90
387	90
388	90
389	90
287	91
288	91
289	91
385	91
386	91
387	91
388	91
288	92
289	92
290	92
291	92
384	92
385	92
386	92
387	92
288	93
289	93
290	93
291	93
292	93
384	93
385	93
386	93
289	94
290	94
291	94
292	94
384	94
385	94
386	94
387	94
289	95
290	95
291	95
292	95
384	95
385	95
386	95
387	95
290	96
291	96
292	96
385	96
386	96
387	96
290	97
291	97
292	97
295	97
296	97
297	97
385	97
386	97
387	97
290	98
291	98
292	98
295	98
296	98
297	98
298	98
385	98
386	98
387	98
290	99
291	99
292	99
295	99
296	99
297	99
298	99
385	99
386	99
387	99
290	100
291	100
292	100
296	100
297	100
298	100
385	100
386	100
387	100
290	101
291	101
292	101
297	101
298	101
385	101
386	101
387	101
290	102
291	102
292	102
297	102
298	102
385	102
386	102
387	102
290	103
291	103
292	103
297	103
298	103
385	103
386	103
387	103
290	104
291	104
292	104
294	104
295	104
296	104
297	104
298	104
385	104
386	104
387	104
290	105
291	105
292	105
294	105
295	105
296	105
297	105
298	105
385	105
386	105
387	105
289	106
290	106
291	106
292	106
294	106
295	106
296	106
297	106
298	106
385	106
386	106
387	106
264	107
265	107
266	107
267	107
268	107
269	107
270	107
271	107
272	107
273	107
274	107
275	107
276	107
277	107
278	107
279	107
280	107
281	107
282	107
283	107
284	107
285	107
286	107
287	107
288	107
289	107
290	107
291	107
292	107
294	107
295	107
296	107
297	107
298	107
299	107
385	107
386	107
387	107
263	108
264	108
265	108
266	108
267	108
268	108
269	108
270	108
271	108
272	108
273	108
274	108
275	108
276	108
277	108
278	108
279	108
280	108
281	108
282	108
283	108
284	108
285	108
286	108
287	108
288	108
289	108
294	108
295	108
296	108
298	108
299	108
385	108
386	108
387	108
253	109
254	109
255	109
256	109
257	109
258	109
259	109
260	109
261	109
262	109
263	109
264	109
265	109
266	109
294	109
295	109
296	109
298	109
299	109
385	109
386	109
387	109
253	110
254	110
255	110
256	110
257	110
258	110
259	110
260	110
261	110
262	110
263	110
264	110
265	110
266	110
294	110
295	110
296	110
298	110
299	110
385	110
386	110
387	110
247	111
248	111
249	111
250	111
251	111
252	111
253	111
254	111
255	111
256	111
257	111
258	111
259	111
260	111
261	111
262	111
263	111
264	111
294	111
295	111
296	111
297	111
298	111
299	111
384	111
385	111
386	111
387	111
167	112
168	112
169	112
170	112
171	112
172	112
173	112
246	112
247	112
248	112
249	112
250	112
251	112
252	112
253	112
272	112
273	112
274	112
275	112
276	112
277	112
278	112
279	112
280	112
281	112
282	112
283	112
284	112
285	112
286	112
287	112
288	112
289	112
290	112
291	112
292	112
293	112
294	112
295	112
296	112
297	112
298	112
299	112
384	112
385	112
386	112
387	112
163	113
164	113
165	113
166	113
167	113
168	113
169	113
170	113
171	113
172	113
173	113
174	113
175	113
234	113
235	113
236	113
237	113
238	113
239	113
240	113
241	113
242	113
243	113
244	113
245	113
246	113
247	113
248	113
272	113
273	113
274	113
275	113
276	113
277	113
278	113
279	113
280	113
281	113
282	113
283	113
284	113
285	113
286	113
287	113
288	113
289	113
290	113
291	113
292	113
293	113
294	113
295	113
296	113
297	113
298	113
385	113
386	113
387	113
388	113
389	113
390	113
391	113
392	113
393	113
394	113
395	113
396	113
397	113
398	113
399	113
400	113
401	113
402	113
403	113
404	113
405	113
406	113
407	113
408	113
409	113
410	113
411	113
162	114
163	114
164	114
165	114
166	114
167	114
172	114
173	114
174	114
175	114
233	114
234	114
235	114
236	114
237	114
238	114
239	114
240	114
241	114
242	114
243	114
244	114
245	114
246	114
247	114
385	114
386	114
387	114
388	114
389	114
390	114
391	114
392	114
393	114
394	114
395	114
396	114
397	114
398	114
399	114
400	114
401	114
402	114
403	114
404	114
405	114
406	114
407	114
408	114
409	114
410	114
411	114
412	114
413	114
532	114
533	114
534	114
162	115
163	115
164	115
165	115
166	115
167	115
172	115
173	115
174	115
175	115
233	115
234	115
235	115
236	115
237	115
238	115
239	115
240	115
241	115
242	115
243	115
244	115
245	115
246	115
247	115
385	115
386	115
387	115
388	115
389	115
390	115
391	115
392	115
393	115
394	115
395	115
396	115
397	115
398	115
399	115
400	115
401	115
402	115
403	115
404	115
405	115
406	115
407	115
408	115
409	115
410	115
411	115
412	115
413	115
532	115
533	115
534	115
162	116
163	116
164	116
165	116
173	116
174	116
175	116
231	116
232	116
233	116
234	116
235	116
236	116
409	116
410	116
411	116
412	116
413	116
414	116
528	116
529	116
530	116
531	116
532	116
533	116
534	116
535	116
536	116
537	116
538	116
162	117
163	117
173	117
174	117
175	117
219	117
220	117
221	117
222	117
223	117
224	117
225	117
226	117
227	117
228	117
229	117
230	117
231	117
232	117
233	117
412	117
413	117
414	117
415	117
416	117
417	117
418	117
419	117
420	117
421	117
422	117
423	117
424	117
425	117
426	117
427	117
428	117
429	117
430	117
431	117
432	117
433	117
434	117
435	117
436	117
437	117
438	117
439	117
440	117
441	117
442	117
443	117
444	117
445	117
446	117
447	117
448	117
449	117
450	117
451	117
452	117
453	117
454	117
455	117
456	117
457	117
458	117
459	117
460	117
461	117
462	117
463	117
464	117
465	117
466	117
467	117
468	117
469	117
470	117
471	117
472	117
473	117
474	117
527	117
528	117
529	117
530	117
531	117
532	117
534	117
535	117
536	117
537	117
538	117
539	117
162	118
163	118
167	118
168	118
169	118
170	118
173	118
174	118
175	118
218	118
219	118
220	118
221	118
222	118
223	118
224	118
225	118
226	118
227	118
228	118
229	118
230	118
231	118
414	118
415	118
416	118
417	118
418	118
419	118
420	118
421	118
422	118
423	118
424	118
425	118
426	118
427	118
428	118
429	118
430	118
431	118
432	118
433	118
434	118
435	118
436	118
437	118
438	118
439	118
440	118
441	118
442	118
443	118
444	118
445	118
446	118
447	118
448	118
449	118
450	118
451	118
452	118
453	118
454	118
455	118
456	118
457	118
458	118
459	118
460	118
461	118
462	118
463	118
464	118
465	118
466	118
467	118
468	118
469	118
470	118
471	118
472	118
473	118
474	118
475	118
476	118
527	118
528	118
529	118
537	118
538	118
539	118
162	119
163	119
167	119
168	119
169	119
170	119
173	119
174	119
175	119
217	119
218	119
219	119
220	119
221	119
473	119
474	119
475	119
476	119
477	119
525	119
526	119
527	119
528	119
534	119
535	119
536	119
538	119
539	119
162	120
163	120
167	120
168	120
169	120
170	120
173	120
174	120
175	120
217	120
218	120
219	120
220	120
221	120
473	120
474	120
475	120
476	120
477	120
525	120
526	120
527	120
528	120
534	120
535	120
536	120
538	120
539	120
162	121
163	121
168	121
169	121
170	121
173	121
174	121
175	121
202	121
203	121
204	121
205	121
206	121
207	121
208	121
209	121
210	121
211	121
212	121
213	121
214	121
215	121
216	121
217	121
218	121
219	121
220	121
474	121
475	121
476	121
477	121
478	121
479	121
480	121
481	121
482	121
483	121
484	121
485	121
486	121
487	121
488	121
489	121
490	121
491	121
492	121
493	121
494	121
495	121
496	121
497	121
498	121
499	121
500	121
501	121
502	121
503	121
504	121
505	121
506	121
507	121
508	121
509	121
510	121
511	121
512	121
513	121
514	121
515	121
516	121
517	121
518	121
519	121
520	121
521	121
522	121
523	121
524	121
525	121
526	121
527	121
528	121
534	121
535	121
536	121
538	121
539	121
162	122
163	122
168	122
169	122
170	122
173	122
174	122
175	122
201	122
202	122
203	122
204	122
205	122
206	122
207	122
208	122
209	122
210	122
211	122
212	122
213	122
214	122
215	122
216	122
217	122
475	122
476	122
477	122
478	122
479	122
480	122
481	122
482	122
483	122
484	122
485	122
486	122
487	122
488	122
489	122
490	122
491	122
492	122
493	122
494	122
495	122
496	122
497	122
498	122
499	122
500	122
501	122
502	122
503	122
504	122
505	122
506	122
507	122
508	122
509	122
510	122
511	122
512	122
513	122
514	122
515	122
516	122
517	122
518	122
519	122
520	122
521	122
522	122
523	122
524	122
525	122
526	122
527	122
534	122
535	122
536	122
538	122
539	122
162	123
163	123
168	123
169	123
170	123
173	123
174	123
175	123
176	123
177	123
178	123
179	123
180	123
181	123
182	123
183	123
184	123
185	123
186	123
187	123
188	123
189	123
190	123
191	123
192	123
199	123
200	123
201	123
202	123
203	123
534	123
535	123
536	123
537	123
538	123
539	123
162	124
163	124
168	124
169	124
170	124
171	124
173	124
174	124
175	124
176	124
177	124
178	124
179	124
180	124
181	124
182	124
183	124
184	124
185	124
186	124
187	124
188	124
189	124
190	124
191	124
192	124
193	124
194	124
195	124
196	124
197	124
198	124
199	124
200	124
201	124
202	124
532	124
533	124
534	124
535	124
536	124
537	124
538	124
539	124
162	125
163	125
168	125
169	125
170	125
171	125
173	125
174	125
175	125
176	125
177	125
178	125
179	125
180	125
181	125
182	125
183	125
184	125
185	125
186	125
187	125
188	125
189	125
190	125
191	125
192	125
193	125
194	125
195	125
196	125
197	125
198	125
199	125
200	125
201	125
202	125
532	125
533	125
534	125
535	125
536	125
537	125
538	125
539	125
162	126
163	126
166	126
167	126
168	126
169	126
170	126
171	126
176	126
177	126
192	126
193	126
194	126
195	126
196	126
197	126
198	126
199	126
200	126
530	126
531	126
532	126
533	126
534	126
535	126
536	126
161	127
162	127
163	127
166	127
167	127
168	127
169	127
170	127
171	127
530	127
531	127
532	127
533	127
157	128
158	128
159	128
160	128
161	128
162	128
163	128
166	128
167	128
168	128
169	128
170	128
171	128
530	128
531	128
532	128
154	129
155	129
156	129
157	129
158	129
159	129
160	129
161	129
167	129
168	129
169	129
170	129
530	129
531	129
532	129
154	130
155	130
156	130
157	130
158	130
159	130
160	130
161	130
167	130
168	130
169	130
170	130
530	130
531	130
532	130
141	131
142	131
143	131
144	131
145	131
146	131
147	131
148	131
149	131
150	131
151	131
152	131
153	131
154	131
155	131
156	131
157	131
158	131
166	131
167	131
168	131
169	131
170	131
530	131
531	131
532	131
138	132
139	132
140	132
141	132
142	132
143	132
144	132
145	132
146	132
147	132
148	132
149	132
150	132
151	132
152	132
153	132
154	132
155	132
163	132
164	132
165	132
166	132
167	132
168	132
530	132
531	132
532	132
137	133
138	133
139	133
140	133
141	133
142	133
158	133
159	133
160	133
161	133
162	133
163	133
164	133
165	133
166	133
530	133
531	133
532	133
122	134
123	134
124	134
125	134
126	134
127	134
128	134
129	134
130	134
131	134
132	134
133	134
134	134
135	134
136	134
137	134
138	134
139	134
140	134
158	134
159	134
160	134
161	134
162	134
163	134
164	134
165	134
530	134
531	134
532	134
122	135
123	135
124	135
125	135
126	135
127	135
128	135
129	135
130	135
131	135
132	135
133	135
134	135
135	135
136	135
137	135
138	135
139	135
140	135
158	135
159	135
160	135
161	135
162	135
163	135
164	135
165	135
530	135
531	135
532	135
121	136
122	136
123	136
124	136
125	136
126	136
127	136
128	136
129	136
130	136
131	136
132	136
133	136
134	136
135	136
136	136
137	136
530	136
531	136
532	136
101	137
102	137
103	137
104	137
105	137
106	137
107	137
108	137
119	137
120	137
121	137
122	137
123	137
530	137
531	137
532	137
101	138
102	138
103	138
104	138
105	138
106	138
107	138
108	138
109	138
110	138
111	138
112	138
113	138
114	138
115	138
116	138
117	138
118	138
119	138
120	138
121	138
122	138
530	138
531	138
532	138
99	139
100	139
101	139
102	139
108	139
109	139
110	139
111	139
112	139
113	139
114	139
115	139
116	139
117	139
118	139
119	139
120	139
530	139
531	139
532	139
99	140
100	140
101	140
102	140
108	140
109	140
110	140
111	140
112	140
113	140
114	140
115	140
116	140
117	140
118	140
119	140
120	140
530	140
531	140
532	140
99	141
100	141
101	141
102	141
530	141
531	141
532	141
99	142
100	142
101	142
530	142
531	142
532	142
537	142
538	142
539	142
540	142
541	142
542	142
99	143
100	143
101	143
530	143
531	143
532	143
533	143
535	143
536	143
537	143
538	143
539	143
540	143
541	143
542	143
99	144
100	144
101	144
530	144
531	144
532	144
533	144
534	144
535	144
536	144
537	144
538	144
540	144
541	144
542	144
99	145
100	145
101	145
530	145
531	145
532	145
533	145
534	145
535	145
536	145
537	145
538	145
540	145
541	145
542	145
99	146
100	146
101	146
532	146
533	146
534	146
535	146
536	146
540	146
541	146
542	146
99	147
100	147
101	147
535	147
536	147
537	147
539	147
540	147
541	147
542	147
99	148
100	148
101	148
535	148
536	148
537	148
538	148
539	148
540	148
541	148
542	148
99	149
100	149
101	149
537	149
538	149
539	149
540	149
541	149
99	150
100	150
101	150
537	150
538	150
539	150
540	150
541	150
99	151
100	151
101	151
537	151
538	151
539	151
91	152
92	152
93	152
94	152
95	152
96	152
97	152
98	152
99	152
100	152
101	152
538	152
539	152
540	152
541	152
542	152
83	153
84	153
85	153
89	153
90	153
91	153
92	153
93	153
94	153
95	153
96	153
97	153
98	153
99	153
100	153
101	153
538	153
539	153
540	153
541	153
542	153
83	154
84	154
85	154
86	154
87	154
88	154
89	154
90	154
91	154
92	154
535	154
536	154
537	154
540	154
541	154
542	154
83	155
84	155
85	155
86	155
87	155
88	155
89	155
90	155
91	155
92	155
535	155
536	155
537	155
540	155
541	155
542	155
83	156
84	156
85	156
86	156
87	156
88	156
89	156
90	156
91	156
98	156
99	156
100	156
535	156
536	156
537	156
540	156
541	156
542	156
83	157
84	157
85	157
87	157
88	157
89	157
90	157
92	157
93	157
94	157
95	157
96	157
97	157
98	157
99	157
100	157
535	157
536	157
537	157
540	157
541	157
542	157
83	158
84	158
85	158
86	158
87	158
88	158
92	158
93	158
94	158
95	158
96	158
97	158
98	158
99	158
100	158
535	158
536	158
537	158
540	158
541	158
542	158
83	159
84	159
85	159
86	159
535	159
536	159
537	159
540	159
541	159
542	159
83	160
84	160
85	160
86	160
535	160
536	160
537	160
540	160
541	160
542	160
84	161
85	161
86	161
87	161
535	161
536	161
537	161
540	161
541	161
542	161
84	162
85	162
86	162
87	162
535	162
536	162
537	162
540	162
541	162
542	162
84	163
85	163
86	163
87	163
92	163
93	163
94	163
95	163
535	163
536	163
537	163
540	163
541	163
542	163
86	164
87	164
88	164
92	164
93	164
94	164
95	164
96	164
97	164
535	164
536	164
537	164
540	164
541	164
542	164
86	165
87	165
88	165
92	165
93	165
94	165
95	165
96	165
97	165
535	165
536	165
537	165
540	165
541	165
542	165
86	166
87	166
88	166
89	166
90	166
94	166
95	166
96	166
97	166
535	166
536	166
537	166
540	166
541	166
542	166
87	167
88	167
89	167
90	167
91	167
96	167
97	167
535	167
536	167
537	167
540	167
541	167
542	167
88	168
89	168
90	168
91	168
96	168
97	168
535	168
536	168
537	168
540	168
541	168
542	168
89	169
90	169
91	169
96	169
97	169
535	169
536	169
537	169
540	169
541	169
542	169
89	170
90	170
91	170
96	170
97	170
535	170
536	170
537	170
540	170
541	170
542	170
88	171
89	171
90	171
91	171
94	171
95	171
96	171
97	171
535	171
536	171
537	171
540	171
541	171
542	171
88	172
89	172
90	172
94	172
95	172
96	172
97	172
540	172
541	172
542	172
88	173
89	173
90	173
91	173
94	173
95	173
96	173
540	173
541	173
542	173
88	174
89	174
90	174
91	174
540	174
541	174
542	174
88	175
89	175
90	175
91	175
540	175
541	175
542	175
87	176
88	176
89	176
90	176
539	176
540	176
541	176
542	176
86	177
87	177
88	177
89	177
90	177
537	177
538	177
539	177
540	177
541	177
542	177
86	178
87	178
88	178
535	178
536	178
537	178
538	178
539	178
540	178
541	178
86	179
87	179
534	179
535	179
536	179
537	179
538	179
86	180
87	180
534	180
535	180
536	180
537	180
538	180
86	181
87	181
534	181
535	181
536	181
537	181
86	182
87	182
534	182
535	182
536	182
86	183
87	183
534	183
535	183
536	183
86	184
87	184
534	184
535	184
536	184
86	185
87	185
534	185
535	185
536	185
86	186
87	186
534	186
535	186
536	186
86	187
87	187
534	187
535	187
536	187
86	188
87	188
534	188
535	188
536	188
86	189
87	189
534	189
535	189
536	189
537	189
86	190
87	190
534	190
535	190
536	190
537	190
86	191
87	191
534	191
535	191
536	191
537	191
538	191
86	192
87	192
535	192
536	192
537	192
538	192
86	193
87	193
537	193
538	193
86	194
87	194
537	194
538	194
86	195
87	195
537	195
538	195
86	196
87	196
537	196
538	196
86	197
87	197
537	197
538	197
86	198
87	198
537	198
538	198
86	199
87	199
537	199
538	199
86	200
87	200
537	200
538	200
86	201
87	201
537	201
538	201
86	202
87	202
537	202
538	202
86	203
87	203
537	203
538	203
86	204
87	204
537	204
538	204
86	205
87	205
537	205
538	205
86	206
87	206
537	206
538	206
86	207
87	207
537	207
538	207
86	208
87	208
537	208
538	208
539	208
86	209
87	209
538	209
539	209
86	210
87	210
538	210
539	210
86	211
87	211
538	211
539	211
86	212
87	212
92	212
93	212
538	212
539	212
86	213
87	213
92	213
93	213
538	213
539	213
86	214
87	214
92	214
93	214
538	214
539	214
86	215
87	215
92	215
93	215
538	215
539	215
86	216
87	216
92	216
93	216
538	216
539	216
86	217
87	217
92	217
93	217
538	217
539	217
86	218
87	218
92	218
93	218
538	218
539	218
86	219
87	219
92	219
93	219
538	219
539	219
86	220
87	220
92	220
93	220
538	220
539	220
86	221
87	221
92	221
93	221
538	221
539	221
86	222
87	222
92	222
93	222
538	222
539	222
86	223
87	223
92	223
93	223
538	223
539	223
86	224
87	224
92	224
93	224
538	224
539	224
86	225
87	225
92	225
93	225
538	225
539	225
86	226
87	226
91	226
92	226
93	226
538	226
539	226
86	227
87	227
88	227
91	227
92	227
93	227
538	227
539	227
86	228
87	228
88	228
89	228
90	228
538	228
539	228
87	229
88	229
89	229
90	229
538	229
539	229
87	230
88	230
89	230
90	230
538	230
539	230
88	231
89	231
90	231
91	231
538	231
539	231
89	232
90	232
91	232
537	232
538	232
539	232
89	233
90	233
91	233
537	233
538	233
89	234
90	234
91	234
537	234
538	234
539	234
89	235
90	235
91	235
537	235
538	235
539	235
89	236
90	236
91	236
537	236
538	236
539	236
540	236
541	236
542	236
89	237
90	237
91	237
279	237
280	237
281	237
282	237
283	237
284	237
285	237
286	237
287	237
288	237
538	237
539	237
540	237
541	237
542	237
89	238
90	238
91	238
278	238
279	238
280	238
281	238
282	238
283	238
284	238
285	238
286	238
287	238
288	238
289	238
290	238
291	238
540	238
541	238
542	238
89	239
90	239
91	239
276	239
277	239
278	239
279	239
280	239
281	239
287	239
288	239
289	239
290	239
291	239
292	239
540	239
541	239
542	239
89	240
90	240
91	240
276	240
277	240
278	240
279	240
280	240
281	240
287	240
288	240
289	240
290	240
291	240
292	240
540	240
541	240
542	240
89	241
90	241
91	241
272	241
273	241
274	241
275	241
276	241
277	241
278	241
289	241
290	241
291	241
292	241
293	241
294	241
540	241
541	241
542	241
89	242
90	242
91	242
271	242
272	242
273	242
274	242
275	242
276	242
291	242
292	242
293	242
294	242
295	242
296	242
540	242
541	242
542	242
89	243
90	243
91	243
269	243
270	243
271	243
272	243
273	243
293	243
294	243
295	243
296	243
297	243
540	243
541	243
542	243
89	244
90	244
91	244
268	244
269	244
270	244
271	244
272	244
294	244
295	244
296	244
297	244
540	244
541	244
542	244
89	245
90	245
91	245
268	245
269	245
270	245
271	245
272	245
294	245
295	245
296	245
297	245
540	245
541	245
542	245
89	246
90	246
91	246
268	246
269	246
270	246
271	246
296	246
297	246
298	246
540	246
541	246
542	246
89	247
90	247
91	247
267	247
268	247
269	247
270	247
297	247
298	247
540	247
541	247
542	247
89	248
90	248
91	248
267	248
268	248
269	248
270	248
281	248
282	248
283	248
284	248
297	248
298	248
299	248
540	248
541	248
542	248
89	249
90	249
91	249
266	249
267	249
268	249
279	249
280	249
281	249
282	249
283	249
284	249
285	249
286	249
287	249
292	249
293	249
294	249
296	249
297	249
298	249
299	249
300	249
301	249
540	249
541	249
542	249
89	250
90	250
91	250
266	250
267	250
268	250
279	250
280	250
281	250
282	250
283	250
284	250
285	250
286	250
287	250
292	250
293	250
294	250
295	250
296	250
297	250
298	250
299	250
300	250
301	250
540	250
541	250
542	250
89	251
90	251
91	251
266	251
267	251
268	251
278	251
279	251
280	251
281	251
282	251
284	251
285	251
286	251
287	251
288	251
289	251
292	251
293	251
294	251
295	251
296	251
297	251
298	251
299	251
300	251
301	251
540	251
541	251
542	251
89	252
90	252
91	252
266	252
267	252
276	252
277	252
278	252
279	252
280	252
281	252
286	252
287	252
288	252
289	252
290	252
291	252
292	252
294	252
295	252
296	252
299	252
300	252
301	252
540	252
541	252
542	252
89	253
90	253
91	253
266	253
267	253
274	253
275	253
276	253
277	253
278	253
279	253
288	253
289	253
290	253
291	253
292	253
293	253
299	253
300	253
301	253
540	253
541	253
542	253
88	254
89	254
90	254
91	254
94	254
95	254
96	254
266	254
267	254
268	254
272	254
273	254
274	254
275	254
276	254
277	254
290	254
291	254
292	254
293	254
294	254
295	254
296	254
297	254
298	254
299	254
300	254
301	254
540	254
541	254
542	254
88	255
89	255
90	255
91	255
94	255
95	255
96	255
266	255
267	255
268	255
272	255
273	255
274	255
275	255
276	255
277	255
291	255
292	255
293	255
294	255
295	255
296	255
297	255
298	255
299	255
300	255
301	255
540	255
541	255
542	255
87	256
88	256
89	256
90	256
94	256
95	256
96	256
97	256
266	256
267	256
268	256
269	256
270	256
271	256
272	256
273	256
274	256
275	256
276	256
292	256
293	256
294	256
295	256
296	256
297	256
298	256
299	256
300	256
301	256
540	256
541	256
542	256
87	257
88	257
89	257
90	257
96	257
97	257
267	257
268	257
269	257
270	257
271	257
272	257
273	257
294	257
295	257
296	257
298	257
299	257
540	257
541	257
542	257
87	258
88	258
94	258
95	258
96	258
97	258
267	258
268	258
269	258
270	258
271	258
272	258
273	258
274	258
275	258
276	258
277	258
278	258
279	258
282	258
283	258
284	258
285	258
286	258
287	258
288	258
289	258
293	258
294	258
299	258
300	258
301	258
302	258
540	258
541	258
542	258
87	259
88	259
94	259
95	259
96	259
97	259
267	259
268	259
272	259
273	259
274	259
275	259
276	259
277	259
278	259
279	259
280	259
281	259
282	259
283	259
284	259
285	259
286	259
287	259
288	259
289	259
290	259
291	259
292	259
293	259
294	259
295	259
296	259
299	259
300	259
301	259
302	259
303	259
540	259
541	259
542	259
87	260
88	260
94	260
95	260
96	260
97	260
267	260
268	260
272	260
273	260
274	260
275	260
276	260
277	260
278	260
279	260
280	260
281	260
282	260
283	260
284	260
285	260
286	260
287	260
288	260
289	260
290	260
291	260
292	260
293	260
294	260
295	260
296	260
299	260
300	260
301	260
302	260
303	260
540	260
541	260
542	260
86	261
87	261
88	261
94	261
95	261
96	261
267	261
268	261
269	261
270	261
271	261
272	261
273	261
276	261
277	261
279	261
280	261
281	261
282	261
289	261
290	261
291	261
292	261
293	261
294	261
295	261
296	261
297	261
298	261
299	261
300	261
301	261
302	261
303	261
304	261
540	261
541	261
542	261
86	262
87	262
94	262
95	262
96	262
266	262
267	262
268	262
269	262
270	262
271	262
272	262
297	262
298	262
299	262
300	262
301	262
302	262
303	262
304	262
540	262
541	262
542	262
28	263
29	263
30	263
31	263
32	263
33	263
43	263
44	263
45	263
46	263
47	263
48	263
84	263
85	263
86	263
87	263
91	263
92	263
94	263
95	263
96	263
266	263
267	263
268	263
299	263
300	263
301	263
303	263
304	263
540	263
541	263
542	263
543	263
28	264
29	264
30	264
31	264
32	264
33	264
34	264
35	264
36	264
37	264
38	264
39	264
40	264
41	264
42	264
43	264
44	264
45	264
46	264
47	264
48	264
49	264
50	264
51	264
52	264
53	264
54	264
55	264
56	264
57	264
58	264
59	264
60	264
61	264
62	264
67	264
68	264
69	264
70	264
71	264
72	264
73	264
74	264
75	264
76	264
77	264
78	264
79	264
80	264
81	264
82	264
83	264
84	264
85	264
86	264
87	264
91	264
92	264
94	264
95	264
96	264
266	264
267	264
271	264
272	264
273	264
274	264
275	264
276	264
277	264
278	264
279	264
280	264
281	264
282	264
283	264
284	264
285	264
286	264
287	264
288	264
289	264
290	264
291	264
292	264
293	264
294	264
295	264
296	264
297	264
298	264
299	264
303	264
304	264
542	264
543	264
28	265
29	265
30	265
31	265
32	265
33	265
34	265
35	265
36	265
37	265
38	265
39	265
40	265
41	265
42	265
43	265
44	265
45	265
46	265
47	265
48	265
49	265
50	265
51	265
52	265
53	265
54	265
55	265
56	265
57	265
58	265
59	265
60	265
61	265
62	265
67	265
68	265
69	265
70	265
71	265
72	265
73	265
74	265
75	265
76	265
77	265
78	265
79	265
80	265
81	265
82	265
83	265
84	265
85	265
86	265
87	265
91	265
92	265
94	265
95	265
96	265
266	265
267	265
271	265
272	265
273	265
274	265
275	265
276	265
277	265
278	265
279	265
280	265
281	265
282	265
283	265
284	265
285	265
286	265
287	265
288	265
289	265
290	265
291	265
292	265
293	265
294	265
295	265
296	265
297	265
298	265
299	265
303	265
304	265
542	265
543	265
28	266
29	266
30	266
33	266
34	266
35	266
36	266
37	266
38	266
39	266
40	266
41	266
42	266
43	266
48	266
49	266
50	266
51	266
52	266
53	266
54	266
55	266
56	266
57	266
58	266
59	266
60	266
61	266
62	266
63	266
64	266
65	266
66	266
67	266
68	266
69	266
70	266
71	266
72	266
73	266
74	266
75	266
76	266
77	266
78	266
79	266
80	266
81	266
82	266
83	266
84	266
85	266
86	266
91	266
92	266
94	266
95	266
96	266
266	266
267	266
269	266
270	266
271	266
272	266
273	266
274	266
275	266
276	266
277	266
278	266
279	266
280	266
281	266
282	266
283	266
284	266
285	266
286	266
287	266
288	266
289	266
290	266
291	266
292	266
293	266
294	266
295	266
296	266
297	266
298	266
299	266
300	266
301	266
303	266
304	266
542	266
543	266
28	267
29	267
30	267
32	267
33	267
62	267
63	267
64	267
65	267
66	267
67	267
89	267
90	267
91	267
92	267
94	267
95	267
96	267
266	267
267	267
269	267
270	267
271	267
272	267
298	267
299	267
300	267
301	267
303	267
304	267
542	267
543	267
28	268
29	268
30	268
32	268
33	268
89	268
90	268
91	268
94	268
95	268
96	268
266	268
267	268
269	268
270	268
271	268
299	268
300	268
301	268
303	268
304	268
542	268
543	268
28	269
29	269
30	269
34	269
35	269
36	269
37	269
38	269
89	269
90	269
91	269
94	269
95	269
96	269
266	269
267	269
269	269
270	269
271	269
299	269
300	269
301	269
303	269
304	269
542	269
543	269
28	270
29	270
30	270
34	270
35	270
36	270
37	270
38	270
89	270
90	270
91	270
94	270
95	270
96	270
266	270
267	270
269	270
270	270
271	270
299	270
300	270
301	270
303	270
304	270
542	270
543	270
28	271
29	271
30	271
34	271
35	271
36	271
37	271
38	271
39	271
40	271
89	271
90	271
91	271
94	271
95	271
96	271
266	271
267	271
269	271
270	271
271	271
299	271
300	271
301	271
303	271
304	271
540	271
541	271
542	271
543	271
544	271
28	272
29	272
30	272
33	272
34	272
35	272
36	272
37	272
38	272
39	272
40	272
89	272
90	272
91	272
94	272
95	272
96	272
266	272
267	272
269	272
270	272
271	272
272	272
299	272
300	272
301	272
303	272
304	272
539	272
540	272
541	272
542	272
543	272
544	272
28	273
29	273
30	273
33	273
34	273
35	273
89	273
90	273
91	273
94	273
95	273
96	273
266	273
267	273
271	273
272	273
299	273
300	273
301	273
303	273
304	273
538	273
539	273
540	273
541	273
542	273
543	273
544	273
28	274
29	274
30	274
33	274
34	274
35	274
89	274
90	274
91	274
94	274
95	274
96	274
266	274
267	274
269	274
270	274
271	274
272	274
299	274
300	274
301	274
303	274
304	274
538	274
539	274
540	274
541	274
543	274
544	274
28	275
29	275
30	275
33	275
34	275
35	275
89	275
90	275
91	275
94	275
95	275
96	275
266	275
267	275
269	275
270	275
271	275
272	275
299	275
300	275
301	275
303	275
304	275
538	275
539	275
540	275
541	275
543	275
544	275
28	276
29	276
30	276
33	276
34	276
35	276
89	276
90	276
91	276
94	276
95	276
96	276
266	276
267	276
269	276
270	276
271	276
299	276
300	276
301	276
303	276
304	276
538	276
539	276
542	276
543	276
544	276
28	277
29	277
30	277
33	277
34	277
35	277
89	277
90	277
91	277
94	277
95	277
96	277
266	277
267	277
269	277
270	277
271	277
299	277
300	277
301	277
303	277
304	277
538	277
539	277
542	277
543	277
28	278
29	278
30	278
33	278
34	278
35	278
89	278
90	278
91	278
94	278
95	278
96	278
266	278
267	278
269	278
270	278
271	278
299	278
300	278
301	278
303	278
304	278
538	278
539	278
28	279
29	279
30	279
33	279
34	279
35	279
89	279
90	279
91	279
94	279
95	279
96	279
266	279
267	279
269	279
270	279
271	279
299	279
300	279
301	279
303	279
304	279
538	279
539	279
28	280
29	280
30	280
33	280
34	280
35	280
89	280
90	280
91	280
94	280
95	280
96	280
266	280
267	280
269	280
270	280
271	280
299	280
300	280
301	280
303	280
304	280
538	280
539	280
28	281
29	281
30	281
33	281
34	281
35	281
89	281
90	281
91	281
94	281
95	281
96	281
266	281
267	281
269	281
270	281
271	281
299	281
300	281
301	281
303	281
304	281
538	281
539	281
28	282
29	282
30	282
33	282
34	282
35	282
89	282
90	282
91	282
94	282
95	282
96	282
266	282
267	282
269	282
270	282
271	282
299	282
300	282
301	282
303	282
304	282
538	282
539	282
28	283
29	283
30	283
33	283
34	283
35	283
89	283
90	283
91	283
94	283
95	283
96	283
266	283
267	283
269	283
270	283
271	283
299	283
300	283
301	283
303	283
304	283
538	283
539	283
28	284
29	284
30	284
33	284
34	284
35	284
89	284
90	284
91	284
92	284
94	284
95	284
96	284
266	284
267	284
269	284
270	284
271	284
299	284
300	284
301	284
303	284
304	284
538	284
539	284
28	285
29	285
30	285
33	285
34	285
35	285
89	285
90	285
91	285
92	285
94	285
95	285
96	285
266	285
267	285
269	285
270	285
271	285
299	285
300	285
301	285
303	285
304	285
538	285
539	285
28	286
29	286
30	286
33	286
34	286
35	286
91	286
92	286
94	286
95	286
96	286
266	286
267	286
269	286
270	286
271	286
299	286
300	286
301	286
303	286
304	286
538	286
539	286
3	287
4	287
5	287
6	287
7	287
8	287
9	287
10	287
11	287
28	287
29	287
30	287
33	287
34	287
35	287
91	287
92	287
94	287
95	287
96	287
266	287
267	287
269	287
270	287
271	287
299	287
300	287
301	287
303	287
304	287
538	287
539	287
3	288
4	288
5	288
6	288
7	288
8	288
9	288
10	288
11	288
12	288
28	288
29	288
30	288
33	288
34	288
35	288
91	288
92	288
94	288
95	288
96	288
266	288
267	288
269	288
270	288
271	288
299	288
300	288
301	288
303	288
304	288
538	288
539	288
3	289
4	289
5	289
9	289
10	289
11	289
12	289
13	289
14	289
15	289
16	289
17	289
18	289
27	289
28	289
29	289
30	289
33	289
34	289
35	289
91	289
92	289
94	289
95	289
96	289
97	289
266	289
267	289
269	289
270	289
271	289
299	289
300	289
301	289
303	289
304	289
538	289
539	289
3	290
4	290
5	290
9	290
10	290
11	290
12	290
13	290
14	290
15	290
16	290
17	290
18	290
27	290
28	290
29	290
30	290
33	290
34	290
35	290
91	290
92	290
94	290
95	290
96	290
97	290
266	290
267	290
269	290
270	290
271	290
299	290
300	290
301	290
303	290
304	290
538	290
539	290
3	291
4	291
5	291
12	291
13	291
14	291
15	291
16	291
17	291
18	291
19	291
20	291
21	291
22	291
23	291
24	291
25	291
26	291
27	291
28	291
29	291
30	291
33	291
34	291
35	291
91	291
92	291
96	291
97	291
266	291
267	291
269	291
270	291
271	291
299	291
300	291
301	291
303	291
304	291
538	291
539	291
3	292
4	292
5	292
17	292
18	292
19	292
20	292
21	292
22	292
23	292
24	292
25	292
26	292
27	292
28	292
32	292
33	292
34	292
35	292
91	292
92	292
96	292
97	292
266	292
267	292
269	292
270	292
271	292
272	292
299	292
300	292
301	292
303	292
304	292
305	292
306	292
537	292
538	292
539	292
2	293
3	293
4	293
5	293
8	293
9	293
10	293
29	293
30	293
31	293
32	293
33	293
34	293
35	293
91	293
92	293
96	293
97	293
266	293
267	293
269	293
270	293
271	293
272	293
273	293
298	293
299	293
300	293
301	293
304	293
305	293
306	293
537	293
538	293
2	294
3	294
8	294
9	294
10	294
11	294
26	294
27	294
28	294
29	294
30	294
31	294
32	294
91	294
92	294
96	294
97	294
266	294
267	294
271	294
272	294
273	294
274	294
275	294
276	294
277	294
278	294
279	294
280	294
281	294
282	294
283	294
284	294
285	294
286	294
287	294
288	294
289	294
290	294
291	294
292	294
293	294
294	294
295	294
296	294
297	294
298	294
299	294
300	294
301	294
303	294
304	294
305	294
306	294
537	294
538	294
2	295
3	295
8	295
9	295
10	295
11	295
26	295
27	295
28	295
29	295
30	295
31	295
32	295
91	295
92	295
96	295
97	295
266	295
267	295
271	295
272	295
273	295
274	295
275	295
276	295
277	295
278	295
279	295
280	295
281	295
282	295
283	295
284	295
285	295
286	295
287	295
288	295
289	295
290	295
291	295
292	295
293	295
294	295
295	295
296	295
297	295
298	295
299	295
300	295
301	295
303	295
304	295
305	295
306	295
537	295
538	295
2	296
3	296
6	296
7	296
8	296
9	296
10	296
11	296
23	296
24	296
25	296
26	296
27	296
28	296
29	296
30	296
33	296
34	296
35	296
91	296
92	296
96	296
97	296
266	296
267	296
272	296
273	296
274	296
275	296
276	296
277	296
278	296
279	296
280	296
281	296
282	296
283	296
284	296
285	296
286	296
287	296
288	296
289	296
290	296
291	296
292	296
293	296
294	296
295	296
296	296
297	296
298	296
299	296
303	296
304	296
537	296
538	296
2	297
3	297
6	297
7	297
9	297
10	297
11	297
23	297
24	297
25	297
26	297
27	297
28	297
29	297
30	297
31	297
32	297
33	297
34	297
35	297
91	297
92	297
96	297
97	297
266	297
267	297
268	297
302	297
303	297
304	297
537	297
538	297
2	298
3	298
6	298
7	298
9	298
10	298
11	298
23	298
24	298
25	298
27	298
28	298
29	298
30	298
31	298
32	298
33	298
34	298
35	298
91	298
92	298
96	298
97	298
266	298
267	298
268	298
269	298
270	298
271	298
272	298
300	298
301	298
302	298
303	298
304	298
537	298
538	298
539	298
2	299
3	299
6	299
7	299
9	299
10	299
11	299
28	299
29	299
30	299
91	299
92	299
96	299
97	299
267	299
268	299
269	299
270	299
271	299
272	299
273	299
274	299
275	299
276	299
277	299
278	299
279	299
280	299
281	299
282	299
283	299
284	299
285	299
286	299
287	299
288	299
289	299
290	299
291	299
292	299
293	299
294	299
295	299
296	299
297	299
298	299
299	299
300	299
301	299
302	299
303	299
538	299
539	299
2	300
3	300
6	300
7	300
9	300
10	300
11	300
28	300
29	300
30	300
91	300
92	300
96	300
97	300
267	300
268	300
269	300
270	300
271	300
272	300
273	300
274	300
275	300
276	300
277	300
278	300
279	300
280	300
281	300
282	300
283	300
284	300
285	300
286	300
287	300
288	300
289	300
290	300
291	300
292	300
293	300
294	300
295	300
296	300
297	300
298	300
299	300
300	300
301	300
302	300
303	300
538	300
539	300
2	301
3	301
6	301
7	301
9	301
10	301
11	301
91	301
92	301
96	301
97	301
272	301
273	301
274	301
275	301
276	301
277	301
278	301
279	301
280	301
281	301
282	301
283	301
284	301
285	301
286	301
287	301
288	301
289	301
290	301
291	301
292	301
293	301
294	301
295	301
296	301
297	301
298	301
299	301
300	301
301	301
302	301
538	301
539	301
2	302
3	302
6	302
7	302
9	302
10	302
11	302
91	302
92	302
96	302
97	302
538	302
539	302
2	303
3	303
6	303
7	303
9	303
10	303
11	303
91	303
92	303
96	303
97	303
538	303
539	303
2	304
3	304
6	304
7	304
9	304
10	304
11	304
91	304
92	304
96	304
97	304
538	304
539	304
2	305
3	305
6	305
7	305
9	305
10	305
11	305
91	305
92	305
96	305
97	305
538	305
539	305
2	306
3	306
6	306
7	306
9	306
10	306
11	306
91	306
92	306
96	306
97	306
538	306
539	306
544	306
545	306
546	306
2	307
3	307
6	307
7	307
8	307
9	307
10	307
11	307
91	307
92	307
96	307
97	307
538	307
539	307
542	307
543	307
544	307
545	307
546	307
547	307
548	307
2	308
3	308
7	308
8	308
9	308
10	308
11	308
91	308
92	308
96	308
97	308
538	308
539	308
540	308
541	308
542	308
543	308
544	308
545	308
546	308
547	308
548	308
2	309
3	309
4	309
5	309
7	309
8	309
9	309
10	309
11	309
91	309
92	309
96	309
97	309
538	309
539	309
540	309
541	309
542	309
543	309
544	309
547	309
548	309
2	310
3	310
4	310
5	310
7	310
8	310
9	310
10	310
11	310
91	310
92	310
96	310
97	310
538	310
539	310
540	310
541	310
542	310
543	310
544	310
547	310
548	310
3	311
4	311
5	311
7	311
8	311
9	311
10	311
11	311
23	311
24	311
25	311
26	311
91	311
92	311
96	311
97	311
543	311
544	311
547	311
548	311
3	312
4	312
5	312
6	312
7	312
8	312
9	312
10	312
11	312
23	312
24	312
25	312
26	312
91	312
92	312
96	312
97	312
543	312
544	312
545	312
546	312
547	312
548	312
3	313
4	313
5	313
6	313
7	313
9	313
10	313
11	313
24	313
25	313
26	313
27	313
91	313
92	313
96	313
97	313
545	313
546	313
547	313
3	314
4	314
5	314
7	314
8	314
9	314
10	314
11	314
26	314
27	314
28	314
29	314
30	314
91	314
92	314
96	314
97	314
545	314
546	314
547	314
3	315
4	315
5	315
7	315
8	315
9	315
10	315
11	315
26	315
27	315
28	315
29	315
30	315
91	315
92	315
96	315
97	315
545	315
546	315
547	315
3	316
4	316
5	316
7	316
8	316
9	316
10	316
11	316
27	316
28	316
29	316
30	316
31	316
91	316
92	316
96	316
97	316
545	316
546	316
547	316
3	317
4	317
5	317
21	317
22	317
23	317
24	317
25	317
26	317
28	317
29	317
30	317
31	317
91	317
92	317
96	317
97	317
545	317
546	317
547	317
3	318
4	318
5	318
6	318
17	318
18	318
19	318
20	318
21	318
22	318
23	318
24	318
25	318
26	318
27	318
31	318
32	318
91	318
92	318
96	318
97	318
544	318
545	318
546	318
547	318
3	319
4	319
5	319
6	319
7	319
8	319
9	319
10	319
11	319
14	319
15	319
16	319
17	319
18	319
19	319
20	319
21	319
24	319
25	319
26	319
27	319
28	319
31	319
32	319
91	319
92	319
96	319
97	319
544	319
545	319
546	319
3	320
4	320
5	320
6	320
7	320
8	320
9	320
10	320
11	320
14	320
15	320
16	320
17	320
18	320
19	320
20	320
21	320
24	320
25	320
26	320
27	320
28	320
31	320
32	320
91	320
92	320
96	320
97	320
544	320
545	320
546	320
4	321
5	321
6	321
7	321
8	321
9	321
10	321
11	321
12	321
13	321
14	321
15	321
16	321
17	321
18	321
26	321
27	321
28	321
31	321
32	321
91	321
92	321
96	321
97	321
544	321
545	321
546	321
11	322
12	322
13	322
14	322
15	322
16	322
27	322
28	322
31	322
32	322
91	322
92	322
96	322
97	322
544	322
545	322
546	322
27	323
28	323
31	323
32	323
91	323
92	323
96	323
97	323
544	323
545	323
546	323
27	324
28	324
31	324
32	324
91	324
92	324
93	324
96	324
97	324
544	324
545	324
546	324
27	325
28	325
31	325
32	325
91	325
92	325
93	325
96	325
97	325
544	325
545	325
546	325
27	326
28	326
31	326
32	326
92	326
93	326
96	326
97	326
544	326
545	326
546	326
27	327
28	327
31	327
32	327
92	327
93	327
96	327
97	327
544	327
545	327
546	327
27	328
28	328
31	328
32	328
92	328
93	328
96	328
97	328
544	328
545	328
546	328
27	329
28	329
31	329
32	329
92	329
93	329
96	329
97	329
544	329
545	329
546	329
27	330
28	330
31	330
32	330
92	330
93	330
96	330
97	330
544	330
545	330
546	330
27	331
28	331
31	331
32	331
92	331
93	331
96	331
97	331
544	331
545	331
546	331
27	332
28	332
31	332
32	332
92	332
93	332
96	332
97	332
538	332
539	332
540	332
541	332
543	332
544	332
545	332
546	332
27	333
28	333
31	333
32	333
92	333
93	333
96	333
97	333
98	333
537	333
538	333
539	333
540	333
541	333
542	333
543	333
544	333
545	333
546	333
27	334
28	334
31	334
32	334
92	334
93	334
97	334
98	334
537	334
538	334
539	334
540	334
541	334
542	334
543	334
27	335
28	335
31	335
32	335
92	335
93	335
97	335
98	335
537	335
538	335
539	335
540	335
541	335
542	335
543	335
27	336
28	336
31	336
32	336
33	336
92	336
93	336
97	336
98	336
537	336
538	336
27	337
28	337
31	337
32	337
33	337
92	337
93	337
97	337
98	337
537	337
538	337
539	337
27	338
28	338
32	338
33	338
34	338
35	338
92	338
93	338
97	338
98	338
538	338
539	338
27	339
28	339
29	339
30	339
33	339
34	339
35	339
92	339
93	339
97	339
98	339
538	339
539	339
27	340
28	340
29	340
30	340
33	340
34	340
35	340
92	340
93	340
97	340
98	340
538	340
539	340
27	341
28	341
29	341
30	341
31	341
92	341
93	341
97	341
98	341
537	341
538	341
539	341
28	342
29	342
30	342
31	342
32	342
33	342
34	342
35	342
92	342
93	342
97	342
98	342
537	342
538	342
29	343
30	343
31	343
32	343
33	343
34	343
35	343
36	343
37	343
38	343
39	343
40	343
41	343
42	343
43	343
44	343
45	343
46	343
47	343
48	343
92	343
93	343
97	343
98	343
537	343
538	343
34	344
35	344
36	344
37	344
38	344
39	344
40	344
41	344
42	344
43	344
44	344
45	344
46	344
47	344
48	344
49	344
50	344
51	344
91	344
92	344
93	344
97	344
98	344
537	344
538	344
34	345
35	345
36	345
37	345
38	345
39	345
40	345
41	345
42	345
43	345
44	345
45	345
46	345
47	345
48	345
49	345
50	345
51	345
91	345
92	345
93	345
97	345
98	345
537	345
538	345
48	346
49	346
50	346
51	346
52	346
91	346
92	346
97	346
98	346
535	346
536	346
537	346
538	346
49	347
50	347
51	347
52	347
53	347
54	347
55	347
73	347
74	347
75	347
76	347
91	347
92	347
93	347
96	347
97	347
98	347
534	347
535	347
536	347
537	347
538	347
51	348
52	348
53	348
54	348
55	348
56	348
63	348
64	348
65	348
66	348
71	348
72	348
73	348
74	348
75	348
76	348
77	348
78	348
79	348
80	348
81	348
82	348
83	348
84	348
85	348
86	348
91	348
92	348
93	348
94	348
95	348
96	348
97	348
534	348
535	348
536	348
537	348
53	349
54	349
55	349
56	349
57	349
58	349
59	349
60	349
61	349
62	349
63	349
64	349
65	349
66	349
67	349
68	349
69	349
70	349
71	349
72	349
73	349
76	349
77	349
78	349
79	349
80	349
81	349
82	349
83	349
84	349
85	349
86	349
87	349
92	349
93	349
94	349
95	349
96	349
97	349
534	349
535	349
536	349
53	350
54	350
55	350
56	350
57	350
58	350
59	350
60	350
61	350
62	350
63	350
64	350
65	350
66	350
67	350
68	350
69	350
70	350
71	350
72	350
73	350
76	350
77	350
78	350
79	350
80	350
81	350
82	350
83	350
84	350
85	350
86	350
87	350
92	350
93	350
94	350
95	350
96	350
97	350
534	350
535	350
536	350
54	351
55	351
56	351
57	351
58	351
59	351
60	351
61	351
62	351
63	351
66	351
67	351
68	351
69	351
70	351
71	351
84	351
85	351
86	351
87	351
88	351
534	351
535	351
536	351
86	352
87	352
88	352
89	352
90	352
534	352
535	352
536	352
87	353
88	353
89	353
90	353
91	353
92	353
93	353
534	353
535	353
536	353
88	354
89	354
90	354
91	354
92	354
93	354
94	354
95	354
534	354
535	354
536	354
88	355
89	355
90	355
91	355
92	355
93	355
94	355
95	355
534	355
535	355
536	355
92	356
93	356
94	356
95	356
534	356
535	356
536	356
93	357
94	357
95	357
534	357
535	357
536	357
93	358
94	358
95	358
533	358
534	358
535	358
536	358
93	359
94	359
95	359
532	359
533	359
534	359
535	359
536	359
93	360
94	360
95	360
532	360
533	360
534	360
535	360
536	360
93	361
94	361
95	361
529	361
530	361
531	361
532	361
533	361
534	361
93	362
94	362
95	362
528	362
529	362
530	362
531	362
532	362
533	362
93	363
94	363
95	363
528	363
529	363
530	363
531	363
532	363
533	363
534	363
93	364
94	364
95	364
528	364
529	364
532	364
533	364
534	364
93	365
94	365
95	365
528	365
529	365
532	365
533	365
534	365
92	366
93	366
94	366
95	366
527	366
528	366
529	366
533	366
534	366
535	366
536	366
92	367
93	367
527	367
528	367
529	367
532	367
533	367
534	367
535	367
536	367
92	368
93	368
527	368
528	368
529	368
532	368
533	368
534	368
535	368
536	368
92	369
93	369
527	369
528	369
529	369
92	370
93	370
527	370
528	370
529	370
83	371
84	371
85	371
86	371
87	371
88	371
92	371
93	371
94	371
95	371
523	371
524	371
525	371
526	371
527	371
528	371
529	371
83	372
84	372
85	372
86	372
87	372
88	372
89	372
90	372
93	372
94	372
95	372
522	372
523	372
524	372
525	372
526	372
527	372
528	372
83	373
84	373
85	373
87	373
88	373
89	373
90	373
91	373
92	373
93	373
94	373
95	373
520	373
521	373
522	373
523	373
524	373
83	374
84	374
85	374
89	374
90	374
91	374
92	374
93	374
94	374
95	374
519	374
520	374
521	374
522	374
523	374
525	374
526	374
527	374
83	375
84	375
85	375
89	375
90	375
91	375
92	375
93	375
94	375
95	375
519	375
520	375
521	375
522	375
523	375
525	375
526	375
527	375
83	376
84	376
85	376
87	376
88	376
89	376
90	376
518	376
519	376
520	376
521	376
522	376
525	376
526	376
527	376
528	376
83	377
84	377
85	377
86	377
87	377
88	377
89	377
90	377
517	377
518	377
519	377
520	377
521	377
522	377
523	377
525	377
526	377
527	377
528	377
83	378
84	378
85	378
86	378
87	378
517	378
518	378
519	378
522	378
523	378
524	378
525	378
526	378
527	378
86	379
87	379
517	379
518	379
520	379
521	379
522	379
523	379
524	379
525	379
526	379
86	380
87	380
517	380
518	380
520	380
521	380
522	380
523	380
524	380
525	380
526	380
86	381
87	381
517	381
518	381
520	381
521	381
522	381
523	381
524	381
86	382
87	382
517	382
518	382
520	382
521	382
522	382
523	382
524	382
86	383
87	383
517	383
518	383
519	383
86	384
87	384
514	384
515	384
516	384
517	384
518	384
519	384
86	385
87	385
514	385
515	385
516	385
517	385
518	385
519	385
86	386
87	386
513	386
514	386
515	386
516	386
517	386
518	386
86	387
87	387
512	387
513	387
514	387
515	387
516	387
84	388
85	388
86	388
87	388
509	388
510	388
511	388
512	388
513	388
514	388
84	389
85	389
86	389
508	389
509	389
510	389
511	389
512	389
513	389
84	390
85	390
86	390
508	390
509	390
510	390
511	390
512	390
513	390
84	391
85	391
86	391
507	391
508	391
509	391
510	391
511	391
512	391
513	391
84	392
85	392
86	392
505	392
506	392
507	392
508	392
509	392
510	392
511	392
512	392
513	392
514	392
84	393
85	393
86	393
87	393
504	393
505	393
506	393
507	393
508	393
510	393
511	393
512	393
513	393
514	393
84	394
85	394
86	394
87	394
88	394
503	394
504	394
505	394
506	394
507	394
512	394
513	394
514	394
84	395
85	395
86	395
87	395
88	395
503	395
504	395
505	395
506	395
507	395
512	395
513	395
514	395
86	396
87	396
88	396
89	396
90	396
503	396
504	396
505	396
506	396
510	396
511	396
512	396
513	396
514	396
87	397
88	397
89	397
90	397
503	397
504	397
505	397
506	397
507	397
509	397
510	397
511	397
512	397
513	397
88	398
89	398
90	398
91	398
503	398
504	398
505	398
506	398
507	398
508	398
509	398
510	398
511	398
512	398
89	399
90	399
91	399
503	399
504	399
507	399
508	399
509	399
510	399
511	399
89	400
90	400
91	400
503	400
504	400
507	400
508	400
509	400
510	400
511	400
89	401
90	401
91	401
94	401
95	401
96	401
502	401
503	401
504	401
89	402
90	402
91	402
94	402
95	402
96	402
97	402
497	402
498	402
499	402
500	402
501	402
502	402
503	402
504	402
89	403
90	403
91	403
94	403
95	403
96	403
97	403
98	403
495	403
496	403
497	403
498	403
499	403
500	403
501	403
502	403
503	403
89	404
90	404
91	404
96	404
97	404
98	404
495	404
496	404
497	404
498	404
89	405
90	405
91	405
96	405
97	405
98	405
495	405
496	405
497	405
498	405
89	406
90	406
91	406
97	406
98	406
495	406
496	406
497	406
89	407
90	407
91	407
495	407
496	407
497	407
89	408
90	408
91	408
92	408
93	408
94	408
95	408
495	408
496	408
497	408
498	408
91	409
92	409
93	409
94	409
95	409
96	409
97	409
497	409
498	409
499	409
91	410
92	410
93	410
94	410
95	410
96	410
97	410
497	410
498	410
499	410
94	411
95	411
96	411
97	411
494	411
495	411
496	411
497	411
498	411
499	411
96	412
97	412
484	412
485	412
486	412
487	412
488	412
489	412
490	412
491	412
492	412
494	412
495	412
496	412
498	412
499	412
96	413
97	413
482	413
483	413
484	413
485	413
486	413
487	413
488	413
489	413
490	413
491	413
492	413
493	413
494	413
498	413
499	413
94	414
95	414
96	414
97	414
480	414
481	414
482	414
483	414
484	414
492	414
493	414
494	414
495	414
496	414
498	414
499	414
94	415
95	415
96	415
97	415
480	415
481	415
482	415
483	415
484	415
492	415
493	415
494	415
495	415
496	415
498	415
499	415
92	416
93	416
94	416
95	416
96	416
448	416
449	416
450	416
451	416
452	416
453	416
454	416
455	416
456	416
457	416
458	416
459	416
460	416
461	416
462	416
463	416
464	416
479	416
480	416
481	416
482	416
483	416
493	416
494	416
495	416
496	416
497	416
498	416
499	416
92	417
93	417
94	417
95	417
96	417
98	417
99	417
100	417
109	417
110	417
111	417
112	417
113	417
114	417
115	417
116	417
117	417
118	417
119	417
120	417
121	417
122	417
448	417
449	417
450	417
451	417
452	417
453	417
454	417
455	417
456	417
457	417
458	417
459	417
460	417
461	417
462	417
463	417
464	417
465	417
466	417
478	417
479	417
480	417
481	417
482	417
494	417
495	417
496	417
497	417
498	417
499	417
92	418
93	418
98	418
99	418
100	418
109	418
110	418
111	418
112	418
113	418
114	418
115	418
116	418
117	418
118	418
119	418
120	418
121	418
122	418
447	418
448	418
449	418
463	418
464	418
465	418
466	418
477	418
478	418
479	418
480	418
481	418
92	419
93	419
101	419
102	419
103	419
104	419
105	419
106	419
107	419
108	419
447	419
448	419
449	419
464	419
465	419
466	419
475	419
476	419
477	419
478	419
479	419
92	420
93	420
101	420
102	420
103	420
104	420
105	420
106	420
107	420
108	420
447	420
448	420
449	420
464	420
465	420
466	420
475	420
476	420
477	420
478	420
479	420
92	421
93	421
98	421
99	421
100	421
101	421
102	421
103	421
104	421
105	421
106	421
107	421
108	421
109	421
110	421
448	421
449	421
464	421
465	421
466	421
474	421
475	421
476	421
477	421
478	421
92	422
93	422
94	422
95	422
96	422
97	422
98	422
99	422
100	422
101	422
107	422
108	422
109	422
110	422
111	422
112	422
113	422
114	422
115	422
116	422
117	422
118	422
119	422
120	422
121	422
122	422
432	422
433	422
434	422
435	422
436	422
448	422
449	422
464	422
465	422
466	422
467	422
472	422
473	422
474	422
475	422
476	422
477	422
92	423
93	423
94	423
95	423
96	423
97	423
98	423
99	423
100	423
108	423
109	423
110	423
111	423
112	423
113	423
114	423
115	423
116	423
117	423
118	423
119	423
120	423
121	423
122	423
123	423
124	423
125	423
126	423
127	423
128	423
129	423
130	423
131	423
132	423
133	423
134	423
135	423
136	423
137	423
138	423
139	423
140	423
429	423
430	423
431	423
432	423
433	423
434	423
435	423
436	423
437	423
438	423
448	423
449	423
450	423
451	423
464	423
465	423
466	423
467	423
468	423
469	423
470	423
471	423
472	423
473	423
474	423
475	423
476	423
122	424
123	424
124	424
125	424
126	424
127	424
128	424
129	424
130	424
131	424
132	424
133	424
134	424
135	424
136	424
137	424
138	424
139	424
140	424
141	424
428	424
429	424
430	424
431	424
432	424
435	424
436	424
437	424
438	424
439	424
445	424
446	424
447	424
448	424
449	424
450	424
451	424
465	424
466	424
467	424
468	424
469	424
470	424
471	424
472	424
122	425
123	425
124	425
125	425
126	425
127	425
128	425
129	425
130	425
131	425
132	425
133	425
134	425
135	425
136	425
137	425
138	425
139	425
140	425
141	425
428	425
429	425
430	425
431	425
432	425
435	425
436	425
437	425
438	425
439	425
445	425
446	425
447	425
448	425
449	425
450	425
451	425
465	425
466	425
467	425
468	425
469	425
470	425
471	425
472	425
138	426
139	426
140	426
141	426
142	426
143	426
144	426
145	426
146	426
147	426
148	426
153	426
154	426
155	426
425	426
426	426
427	426
428	426
429	426
430	426
431	426
437	426
438	426
439	426
440	426
441	426
442	426
443	426
445	426
446	426
447	426
448	426
449	426
450	426
451	426
139	427
140	427
141	427
142	427
143	427
144	427
145	427
146	427
147	427
148	427
149	427
150	427
151	427
152	427
153	427
154	427
155	427
156	427
157	427
158	427
423	427
424	427
425	427
426	427
427	427
428	427
429	427
438	427
439	427
440	427
441	427
442	427
443	427
444	427
445	427
446	427
449	427
450	427
451	427
148	428
149	428
150	428
151	428
152	428
153	428
154	428
155	428
156	428
157	428
158	428
159	428
160	428
423	428
424	428
425	428
426	428
443	428
444	428
445	428
446	428
447	428
448	428
449	428
450	428
451	428
157	429
158	429
159	429
160	429
161	429
400	429
401	429
402	429
403	429
404	429
405	429
406	429
407	429
408	429
409	429
410	429
411	429
412	429
413	429
423	429
424	429
445	429
446	429
447	429
448	429
449	429
450	429
451	429
157	430
158	430
159	430
160	430
161	430
400	430
401	430
402	430
403	430
404	430
405	430
406	430
407	430
408	430
409	430
410	430
411	430
412	430
413	430
423	430
424	430
445	430
446	430
447	430
448	430
449	430
450	430
451	430
153	431
154	431
155	431
158	431
159	431
160	431
161	431
162	431
173	431
174	431
175	431
176	431
177	431
178	431
179	431
180	431
181	431
182	431
398	431
399	431
400	431
401	431
402	431
403	431
404	431
405	431
406	431
407	431
408	431
409	431
410	431
411	431
412	431
413	431
414	431
415	431
416	431
423	431
424	431
447	431
448	431
449	431
450	431
451	431
152	432
153	432
154	432
155	432
159	432
160	432
161	432
162	432
163	432
173	432
174	432
175	432
176	432
177	432
178	432
179	432
180	432
181	432
182	432
183	432
397	432
398	432
399	432
400	432
401	432
412	432
413	432
414	432
415	432
416	432
423	432
424	432
152	433
153	433
154	433
155	433
156	433
157	433
158	433
161	433
162	433
163	433
174	433
175	433
176	433
181	433
182	433
183	433
184	433
185	433
186	433
187	433
188	433
189	433
190	433
191	433
192	433
193	433
194	433
195	433
196	433
197	433
198	433
199	433
200	433
201	433
202	433
383	433
384	433
385	433
386	433
387	433
388	433
389	433
390	433
391	433
392	433
393	433
394	433
395	433
396	433
397	433
398	433
399	433
409	433
410	433
411	433
412	433
414	433
415	433
416	433
417	433
423	433
424	433
153	434
154	434
155	434
156	434
157	434
158	434
159	434
160	434
161	434
162	434
163	434
164	434
165	434
174	434
175	434
176	434
182	434
183	434
184	434
185	434
186	434
187	434
188	434
189	434
190	434
191	434
192	434
193	434
194	434
195	434
196	434
197	434
198	434
199	434
200	434
201	434
202	434
203	434
379	434
380	434
381	434
382	434
383	434
384	434
385	434
386	434
387	434
388	434
389	434
390	434
391	434
392	434
393	434
394	434
395	434
396	434
397	434
398	434
409	434
410	434
411	434
412	434
414	434
415	434
416	434
417	434
418	434
423	434
424	434
153	435
154	435
155	435
156	435
157	435
158	435
159	435
160	435
161	435
162	435
163	435
164	435
165	435
174	435
175	435
176	435
182	435
183	435
184	435
185	435
186	435
187	435
188	435
189	435
190	435
191	435
192	435
193	435
194	435
195	435
196	435
197	435
198	435
199	435
200	435
201	435
202	435
203	435
379	435
380	435
381	435
382	435
383	435
384	435
385	435
386	435
387	435
388	435
389	435
390	435
391	435
392	435
393	435
394	435
395	435
396	435
397	435
398	435
409	435
410	435
411	435
412	435
414	435
415	435
416	435
417	435
418	435
423	435
424	435
153	436
154	436
155	436
156	436
157	436
158	436
159	436
160	436
161	436
162	436
163	436
164	436
165	436
166	436
172	436
173	436
174	436
175	436
176	436
177	436
201	436
202	436
203	436
204	436
205	436
377	436
378	436
379	436
380	436
381	436
382	436
383	436
409	436
410	436
411	436
412	436
413	436
414	436
415	436
416	436
417	436
418	436
419	436
422	436
423	436
424	436
154	437
155	437
156	437
157	437
158	437
159	437
160	437
161	437
163	437
164	437
165	437
166	437
167	437
168	437
169	437
170	437
171	437
172	437
173	437
174	437
175	437
176	437
177	437
202	437
203	437
204	437
205	437
206	437
207	437
208	437
209	437
210	437
211	437
212	437
232	437
233	437
234	437
235	437
236	437
237	437
238	437
239	437
240	437
241	437
242	437
243	437
244	437
245	437
246	437
247	437
248	437
249	437
250	437
251	437
252	437
253	437
254	437
255	437
256	437
257	437
298	437
299	437
300	437
301	437
302	437
303	437
304	437
305	437
306	437
307	437
308	437
309	437
310	437
311	437
312	437
313	437
314	437
315	437
316	437
317	437
318	437
319	437
320	437
321	437
322	437
323	437
324	437
325	437
326	437
327	437
328	437
329	437
330	437
331	437
332	437
333	437
374	437
375	437
376	437
377	437
378	437
379	437
380	437
381	437
409	437
410	437
411	437
412	437
413	437
414	437
415	437
416	437
417	437
418	437
419	437
420	437
421	437
422	437
423	437
424	437
156	438
157	438
158	438
159	438
160	438
164	438
165	438
166	438
167	438
168	438
169	438
170	438
171	438
172	438
173	438
174	438
175	438
176	438
177	438
203	438
204	438
205	438
206	438
207	438
208	438
209	438
210	438
211	438
212	438
213	438
231	438
232	438
233	438
234	438
235	438
236	438
237	438
238	438
239	438
240	438
241	438
242	438
243	438
244	438
245	438
246	438
247	438
248	438
249	438
250	438
251	438
252	438
253	438
254	438
255	438
256	438
257	438
258	438
297	438
298	438
299	438
300	438
301	438
302	438
303	438
304	438
305	438
306	438
307	438
308	438
309	438
310	438
311	438
312	438
313	438
314	438
315	438
316	438
317	438
318	438
319	438
320	438
321	438
322	438
323	438
324	438
325	438
326	438
327	438
328	438
329	438
330	438
331	438
332	438
333	438
373	438
374	438
375	438
376	438
377	438
409	438
410	438
411	438
412	438
413	438
414	438
417	438
418	438
419	438
420	438
421	438
422	438
423	438
173	439
174	439
175	439
176	439
177	439
211	439
212	439
213	439
214	439
215	439
229	439
230	439
231	439
232	439
233	439
256	439
257	439
258	439
259	439
260	439
261	439
262	439
263	439
264	439
265	439
266	439
267	439
268	439
269	439
270	439
271	439
272	439
273	439
274	439
275	439
276	439
277	439
278	439
296	439
297	439
298	439
299	439
332	439
333	439
372	439
373	439
374	439
375	439
376	439
412	439
413	439
414	439
415	439
416	439
417	439
418	439
173	440
174	440
175	440
176	440
177	440
211	440
212	440
213	440
214	440
215	440
229	440
230	440
231	440
232	440
233	440
256	440
257	440
258	440
259	440
260	440
261	440
262	440
263	440
264	440
265	440
266	440
267	440
268	440
269	440
270	440
271	440
272	440
273	440
274	440
275	440
276	440
277	440
278	440
295	440
296	440
297	440
298	440
299	440
332	440
333	440
372	440
373	440
374	440
375	440
376	440
412	440
413	440
414	440
415	440
416	440
417	440
418	440
212	441
213	441
214	441
215	441
216	441
217	441
218	441
219	441
220	441
227	441
228	441
229	441
230	441
231	441
232	441
257	441
258	441
259	441
260	441
261	441
262	441
263	441
264	441
265	441
266	441
267	441
268	441
269	441
270	441
271	441
272	441
273	441
274	441
275	441
276	441
277	441
278	441
279	441
280	441
281	441
282	441
294	441
295	441
296	441
297	441
298	441
332	441
333	441
370	441
371	441
372	441
373	441
374	441
413	441
414	441
415	441
416	441
417	441
418	441
214	442
215	442
216	442
217	442
218	442
219	442
220	442
221	442
227	442
228	442
229	442
230	442
231	442
278	442
279	442
280	442
281	442
282	442
294	442
295	442
296	442
297	442
332	442
333	442
369	442
370	442
371	442
372	442
373	442
218	443
219	443
220	443
221	443
222	443
223	443
224	443
225	443
226	443
227	443
228	443
229	443
230	443
231	443
232	443
233	443
279	443
280	443
281	443
282	443
294	443
295	443
296	443
297	443
332	443
333	443
360	443
361	443
362	443
363	443
364	443
365	443
366	443
367	443
368	443
369	443
370	443
371	443
372	443
373	443
374	443
219	444
220	444
221	444
222	444
223	444
224	444
225	444
226	444
227	444
228	444
229	444
230	444
231	444
232	444
233	444
278	444
279	444
280	444
281	444
282	444
283	444
295	444
296	444
297	444
298	444
299	444
332	444
333	444
359	444
360	444
361	444
362	444
363	444
364	444
365	444
366	444
367	444
368	444
369	444
372	444
373	444
374	444
219	445
220	445
221	445
222	445
223	445
224	445
225	445
226	445
227	445
228	445
229	445
230	445
231	445
232	445
233	445
278	445
279	445
280	445
281	445
282	445
283	445
295	445
296	445
297	445
298	445
299	445
332	445
333	445
359	445
360	445
361	445
362	445
363	445
364	445
365	445
366	445
367	445
368	445
369	445
372	445
373	445
374	445
226	446
227	446
228	446
229	446
230	446
232	446
233	446
278	446
279	446
280	446
281	446
282	446
283	446
292	446
293	446
294	446
296	446
297	446
298	446
299	446
332	446
333	446
334	446
358	446
359	446
360	446
361	446
362	446
368	446
369	446
370	446
371	446
372	446
373	446
374	446
227	447
228	447
229	447
230	447
231	447
232	447
233	447
278	447
279	447
282	447
283	447
284	447
291	447
292	447
293	447
294	447
298	447
299	447
332	447
333	447
334	447
335	447
336	447
337	447
338	447
339	447
340	447
341	447
342	447
343	447
344	447
345	447
346	447
347	447
348	447
349	447
350	447
351	447
352	447
353	447
354	447
355	447
356	447
357	447
358	447
359	447
360	447
361	447
369	447
370	447
371	447
372	447
373	447
374	447
228	448
229	448
230	448
231	448
232	448
233	448
278	448
279	448
281	448
282	448
283	448
284	448
285	448
286	448
290	448
291	448
292	448
293	448
298	448
299	448
333	448
334	448
335	448
336	448
337	448
338	448
339	448
340	448
341	448
342	448
343	448
344	448
345	448
346	448
347	448
348	448
349	448
350	448
351	448
352	448
353	448
354	448
355	448
356	448
357	448
358	448
359	448
373	448
374	448
278	449
279	449
281	449
282	449
283	449
284	449
285	449
286	449
289	449
290	449
291	449
292	449
293	449
294	449
295	449
296	449
298	449
299	449
278	450
279	450
281	450
282	450
283	450
284	450
285	450
286	450
289	450
290	450
291	450
292	450
293	450
294	450
295	450
296	450
298	450
299	450
278	451
279	451
284	451
285	451
286	451
287	451
289	451
290	451
291	451
292	451
293	451
294	451
295	451
296	451
297	451
298	451
299	451
284	452
285	452
286	452
287	452
288	452
289	452
290	452
291	452
294	452
295	452
296	452
297	452
298	452
299	452
287	453
288	453
289	453
290	453
291	453
294	453
295	453
296	453
297	453
298	453
294	454
295	454
296	454
297	454
298	454
294	455
295	455
296	455
297	455
298	455
