334	6
335	6
336	6
337	6
338	6
339	6
340	6
341	6
342	6
343	6
344	6
345	6
346	6
347	6
348	6
349	6
350	6
351	6
352	6
353	6
354	6
355	6
356	6
357	6
358	6
359	6
360	6
361	6
362	6
363	6
364	6
365	6
366	6
367	6
368	6
369	6
370	6
371	6
372	6
373	6
374	6
375	6
376	6
377	6
378	6
379	6
380	6
381	6
382	6
383	6
384	6
385	6
386	6
387	6
388	6
389	6
390	6
391	6
392	6
393	6
394	6
395	6
396	6
397	6
398	6
399	6
305	7
306	7
307	7
308	7
309	7
310	7
311	7
312	7
313	7
314	7
315	7
316	7
317	7
318	7
319	7
320	7
321	7
322	7
323	7
324	7
325	7
326	7
327	7
328	7
329	7
330	7
331	7
332	7
333	7
334	7
335	7
336	7
337	7
338	7
339	7
340	7
341	7
342	7
343	7
344	7
345	7
346	7
347	7
348	7
349	7
350	7
351	7
352	7
353	7
354	7
355	7
356	7
357	7
358	7
359	7
360	7
361	7
362	7
363	7
364	7
365	7
366	7
367	7
368	7
369	7
370	7
371	7
372	7
373	7
374	7
375	7
376	7
377	7
378	7
379	7
380	7
381	7
382	7
383	7
384	7
385	7
386	7
387	7
388	7
389	7
390	7
391	7
392	7
393	7
394	7
395	7
396	7
397	7
398	7
399	7
400	7
264	8
265	8
266	8
267	8
268	8
269	8
270	8
271	8
272	8
273	8
274	8
275	8
276	8
277	8
278	8
279	8
280	8
281	8
282	8
283	8
284	8
285	8
286	8
287	8
288	8
289	8
290	8
291	8
292	8
293	8
294	8
295	8
296	8
297	8
298	8
299	8
300	8
301	8
302	8
303	8
304	8
305	8
306	8
307	8
308	8
309	8
310	8
311	8
312	8
313	8
314	8
315	8
316	8
317	8
318	8
319	8
320	8
321	8
322	8
323	8
324	8
325	8
326	8
327	8
328	8
329	8
330	8
331	8
332	8
333	8
334	8
397	8
398	8
399	8
400	8
178	9
179	9
180	9
181	9
182	9
183	9
184	9
185	9
186	9
187	9
188	9
189	9
190	9
191	9
192	9
193	9
194	9
195	9
196	9
197	9
198	9
199	9
200	9
201	9
202	9
203	9
204	9
205	9
206	9
207	9
208	9
209	9
210	9
211	9
212	9
213	9
214	9
215	9
216	9
217	9
218	9
219	9
220	9
221	9
222	9
223	9
224	9
225	9
226	9
227	9
228	9
229	9
230	9
231	9
232	9
233	9
234	9
235	9
236	9
237	9
238	9
239	9
240	9
241	9
242	9
243	9
244	9
245	9
246	9
247	9
248	9
249	9
250	9
251	9
252	9
253	9
254	9
255	9
256	9
257	9
258	9
259	9
260	9
261	9
262	9
263	9
264	9
265	9
266	9
267	9
268	9
269	9
270	9
271	9
272	9
273	9
274	9
275	9
276	9
277	9
278	9
279	9
280	9
281	9
282	9
283	9
284	9
285	9
286	9
287	9
288	9
289	9
290	9
291	9
292	9
293	9
294	9
295	9
296	9
297	9
298	9
299	9
300	9
301	9
302	9
303	9
304	9
305	9
399	9
400	9
178	10
179	10
180	10
181	10
182	10
183	10
184	10
185	10
186	10
187	10
188	10
189	10
190	10
191	10
192	10
193	10
194	10
195	10
196	10
197	10
198	10
199	10
200	10
201	10
202	10
203	10
204	10
205	10
206	10
207	10
208	10
209	10
210	10
211	10
212	10
213	10
214	10
215	10
216	10
217	10
218	10
219	10
220	10
221	10
222	10
223	10
224	10
225	10
226	10
227	10
228	10
229	10
230	10
231	10
232	10
233	10
234	10
235	10
236	10
237	10
238	10
239	10
240	10
241	10
242	10
243	10
244	10
245	10
246	10
247	10
248	10
249	10
250	10
251	10
252	10
253	10
254	10
255	10
256	10
257	10
258	10
259	10
260	10
261	10
262	10
263	10
264	10
265	10
266	10
267	10
268	10
269	10
270	10
271	10
272	10
273	10
274	10
275	10
276	10
277	10
278	10
279	10
280	10
281	10
282	10
283	10
284	10
285	10
286	10
287	10
288	10
289	10
290	10
291	10
292	10
293	10
294	10
295	10
296	10
297	10
298	10
299	10
300	10
301	10
302	10
303	10
304	10
305	10
399	10
400	10
154	11
155	11
156	11
157	11
163	11
164	11
165	11
166	11
167	11
168	11
169	11
170	11
171	11
172	11
173	11
174	11
175	11
176	11
177	11
178	11
179	11
180	11
181	11
182	11
183	11
184	11
185	11
186	11
187	11
188	11
189	11
190	11
191	11
192	11
193	11
194	11
195	11
196	11
197	11
198	11
199	11
200	11
201	11
202	11
203	11
204	11
205	11
206	11
207	11
208	11
209	11
210	11
211	11
212	11
213	11
214	11
215	11
216	11
217	11
218	11
219	11
220	11
221	11
222	11
223	11
224	11
225	11
226	11
227	11
228	11
229	11
230	11
231	11
232	11
233	11
234	11
235	11
236	11
237	11
238	11
239	11
240	11
241	11
242	11
243	11
244	11
245	11
246	11
247	11
248	11
249	11
250	11
251	11
252	11
253	11
254	11
255	11
256	11
257	11
258	11
259	11
260	11
261	11
262	11
263	11
264	11
399	11
400	11
130	12
131	12
132	12
133	12
134	12
135	12
136	12
137	12
138	12
139	12
140	12
141	12
142	12
143	12
144	12
145	12
146	12
147	12
148	12
149	12
150	12
151	12
152	12
153	12
154	12
155	12
156	12
157	12
158	12
159	12
160	12
161	12
162	12
163	12
164	12
165	12
166	12
167	12
168	12
169	12
170	12
171	12
172	12
173	12
174	12
175	12
176	12
177	12
178	12
399	12
400	12
44	13
45	13
46	13
47	13
48	13
49	13
50	13
51	13
52	13
53	13
54	13
55	13
56	13
57	13
58	13
59	13
60	13
61	13
62	13
63	13
64	13
65	13
66	13
67	13
68	13
69	13
70	13
71	13
72	13
73	13
74	13
75	13
76	13
77	13
78	13
79	13
80	13
81	13
82	13
83	13
84	13
85	13
86	13
87	13
88	13
89	13
90	13
91	13
92	13
93	13
94	13
95	13
96	13
97	13
98	13
99	13
100	13
101	13
102	13
103	13
104	13
105	13
106	13
107	13
108	13
109	13
110	13
111	13
112	13
113	13
114	13
115	13
116	13
117	13
118	13
119	13
120	13
121	13
122	13
123	13
124	13
125	13
126	13
127	13
128	13
129	13
130	13
131	13
132	13
133	13
134	13
135	13
136	13
137	13
138	13
139	13
140	13
141	13
142	13
143	13
144	13
145	13
146	13
147	13
148	13
149	13
150	13
151	13
152	13
153	13
154	13
157	13
158	13
159	13
160	13
161	13
162	13
163	13
397	13
398	13
399	13
400	13
14	14
15	14
16	14
17	14
18	14
19	14
20	14
21	14
22	14
23	14
24	14
25	14
26	14
27	14
28	14
29	14
30	14
31	14
32	14
33	14
34	14
35	14
36	14
37	14
38	14
39	14
40	14
41	14
42	14
43	14
44	14
45	14
46	14
47	14
48	14
49	14
50	14
51	14
52	14
53	14
54	14
55	14
56	14
57	14
58	14
59	14
60	14
61	14
62	14
63	14
64	14
65	14
66	14
67	14
68	14
69	14
70	14
71	14
72	14
73	14
74	14
75	14
76	14
77	14
78	14
79	14
80	14
81	14
82	14
83	14
84	14
85	14
86	14
87	14
88	14
89	14
90	14
91	14
92	14
93	14
94	14
95	14
96	14
97	14
98	14
99	14
100	14
101	14
102	14
103	14
104	14
105	14
106	14
107	14
108	14
109	14
110	14
111	14
112	14
113	14
114	14
115	14
116	14
117	14
118	14
119	14
120	14
121	14
122	14
123	14
124	14
125	14
126	14
127	14
128	14
129	14
130	14
131	14
397	14
398	14
399	14
14	15
15	15
16	15
17	15
18	15
19	15
20	15
21	15
22	15
23	15
24	15
25	15
26	15
27	15
28	15
29	15
30	15
31	15
32	15
33	15
34	15
35	15
36	15
37	15
38	15
39	15
40	15
41	15
42	15
43	15
44	15
45	15
46	15
47	15
48	15
49	15
50	15
51	15
52	15
53	15
54	15
55	15
56	15
57	15
58	15
59	15
60	15
61	15
62	15
63	15
64	15
65	15
66	15
67	15
68	15
69	15
70	15
71	15
72	15
73	15
74	15
75	15
76	15
77	15
78	15
79	15
80	15
81	15
82	15
83	15
84	15
85	15
86	15
87	15
88	15
89	15
90	15
91	15
92	15
93	15
94	15
95	15
96	15
97	15
98	15
99	15
100	15
101	15
102	15
103	15
104	15
105	15
106	15
107	15
108	15
109	15
110	15
111	15
112	15
113	15
114	15
115	15
116	15
117	15
118	15
119	15
120	15
121	15
122	15
123	15
124	15
125	15
126	15
127	15
128	15
129	15
130	15
131	15
397	15
398	15
399	15
8	16
9	16
10	16
11	16
12	16
13	16
14	16
15	16
16	16
17	16
18	16
19	16
20	16
21	16
22	16
23	16
24	16
25	16
26	16
27	16
28	16
29	16
30	16
31	16
32	16
33	16
34	16
35	16
36	16
37	16
38	16
39	16
40	16
41	16
42	16
43	16
44	16
45	16
397	16
398	16
399	16
7	17
8	17
9	17
10	17
11	17
12	17
13	17
14	17
15	17
397	17
398	17
399	17
7	18
8	18
9	18
10	18
397	18
398	18
399	18
7	19
8	19
397	19
398	19
399	19
7	20
8	20
397	20
398	20
399	20
7	21
8	21
397	21
398	21
399	21
7	22
8	22
397	22
398	22
399	22
7	23
8	23
9	23
10	23
397	23
398	23
399	23
8	24
9	24
10	24
397	24
398	24
399	24
8	25
9	25
10	25
397	25
398	25
399	25
8	26
9	26
10	26
397	26
398	26
399	26
8	27
9	27
10	27
397	27
398	27
399	27
8	28
9	28
10	28
397	28
398	28
399	28
8	29
9	29
10	29
12	29
13	29
397	29
398	29
399	29
8	30
9	30
10	30
12	30
13	30
397	30
398	30
399	30
8	31
9	31
10	31
12	31
13	31
397	31
398	31
399	31
7	32
8	32
9	32
10	32
11	32
12	32
13	32
397	32
398	32
399	32
7	33
8	33
11	33
12	33
13	33
397	33
398	33
399	33
7	34
8	34
11	34
12	34
397	34
398	34
399	34
7	35
8	35
11	35
12	35
397	35
398	35
399	35
7	36
8	36
11	36
12	36
397	36
398	36
399	36
7	37
8	37
11	37
12	37
397	37
398	37
399	37
7	38
8	38
11	38
12	38
397	38
398	38
399	38
7	39
8	39
11	39
12	39
397	39
398	39
399	39
7	40
8	40
11	40
12	40
397	40
398	40
399	40
7	41
8	41
11	41
12	41
397	41
398	41
399	41
7	42
8	42
11	42
12	42
397	42
398	42
399	42
7	43
8	43
11	43
12	43
397	43
398	43
399	43
7	44
8	44
9	44
10	44
11	44
12	44
397	44
398	44
399	44
7	45
8	45
9	45
10	45
11	45
12	45
397	45
398	45
399	45
8	46
9	46
10	46
11	46
12	46
397	46
398	46
399	46
8	47
9	47
10	47
11	47
12	47
397	47
398	47
399	47
8	48
9	48
10	48
11	48
12	48
397	48
398	48
399	48
8	49
9	49
10	49
11	49
12	49
88	49
89	49
90	49
91	49
397	49
398	49
399	49
8	50
9	50
10	50
11	50
12	50
88	50
89	50
90	50
91	50
397	50
398	50
399	50
8	51
9	51
10	51
11	51
12	51
85	51
86	51
87	51
88	51
89	51
90	51
91	51
92	51
93	51
94	51
95	51
96	51
97	51
98	51
99	51
100	51
101	51
105	51
106	51
107	51
108	51
109	51
110	51
111	51
112	51
113	51
114	51
115	51
116	51
117	51
118	51
119	51
120	51
121	51
122	51
123	51
124	51
125	51
126	51
127	51
128	51
148	51
149	51
397	51
398	51
399	51
8	52
9	52
10	52
11	52
12	52
84	52
85	52
86	52
87	52
88	52
90	52
91	52
92	52
93	52
94	52
95	52
96	52
97	52
98	52
99	52
100	52
101	52
102	52
103	52
104	52
105	52
106	52
107	52
108	52
109	52
110	52
111	52
112	52
113	52
114	52
115	52
116	52
117	52
118	52
119	52
120	52
121	52
122	52
123	52
124	52
125	52
126	52
127	52
128	52
129	52
130	52
131	52
132	52
133	52
134	52
135	52
136	52
137	52
138	52
139	52
140	52
141	52
142	52
143	52
144	52
145	52
146	52
147	52
148	52
149	52
150	52
151	52
152	52
153	52
397	52
398	52
399	52
8	53
9	53
10	53
11	53
12	53
83	53
84	53
85	53
86	53
87	53
100	53
101	53
102	53
103	53
104	53
105	53
106	53
128	53
129	53
130	53
131	53
132	53
133	53
134	53
135	53
136	53
137	53
138	53
139	53
140	53
141	53
142	53
143	53
144	53
145	53
146	53
147	53
148	53
149	53
150	53
151	53
152	53
153	53
274	53
275	53
276	53
277	53
278	53
279	53
280	53
281	53
282	53
283	53
284	53
285	53
286	53
287	53
288	53
289	53
290	53
291	53
292	53
293	53
294	53
295	53
296	53
297	53
298	53
299	53
300	53
301	53
302	53
303	53
304	53
305	53
306	53
307	53
308	53
309	53
310	53
311	53
312	53
313	53
314	53
315	53
316	53
317	53
318	53
319	53
397	53
398	53
399	53
8	54
9	54
10	54
11	54
12	54
83	54
84	54
85	54
86	54
274	54
275	54
276	54
277	54
278	54
279	54
280	54
281	54
282	54
283	54
284	54
285	54
286	54
287	54
288	54
289	54
290	54
291	54
292	54
293	54
294	54
295	54
296	54
297	54
298	54
299	54
300	54
301	54
302	54
303	54
304	54
305	54
306	54
307	54
308	54
309	54
310	54
311	54
312	54
313	54
314	54
315	54
316	54
317	54
318	54
319	54
320	54
397	54
398	54
399	54
8	55
9	55
10	55
11	55
12	55
83	55
84	55
85	55
86	55
274	55
275	55
276	55
277	55
278	55
279	55
280	55
281	55
282	55
283	55
284	55
285	55
286	55
287	55
288	55
289	55
290	55
291	55
292	55
293	55
294	55
295	55
296	55
297	55
298	55
299	55
300	55
301	55
302	55
303	55
304	55
305	55
306	55
307	55
308	55
309	55
310	55
311	55
312	55
313	55
314	55
315	55
316	55
317	55
318	55
319	55
320	55
397	55
398	55
399	55
8	56
9	56
10	56
11	56
12	56
83	56
84	56
89	56
90	56
91	56
92	56
93	56
94	56
95	56
96	56
97	56
98	56
99	56
100	56
101	56
102	56
103	56
104	56
105	56
106	56
107	56
108	56
109	56
110	56
111	56
112	56
113	56
114	56
115	56
116	56
117	56
118	56
119	56
120	56
121	56
122	56
123	56
124	56
125	56
126	56
127	56
128	56
129	56
130	56
131	56
132	56
133	56
134	56
135	56
136	56
137	56
138	56
139	56
140	56
141	56
142	56
143	56
144	56
145	56
146	56
147	56
148	56
149	56
150	56
151	56
152	56
153	56
154	56
155	56
156	56
157	56
158	56
159	56
160	56
161	56
162	56
163	56
164	56
165	56
166	56
167	56
168	56
169	56
170	56
171	56
172	56
173	56
174	56
175	56
176	56
177	56
178	56
179	56
180	56
181	56
182	56
183	56
184	56
185	56
186	56
187	56
188	56
189	56
190	56
191	56
192	56
193	56
194	56
195	56
196	56
197	56
198	56
206	56
207	56
208	56
209	56
318	56
319	56
320	56
396	56
397	56
398	56
399	56
8	57
9	57
10	57
11	57
12	57
82	57
83	57
84	57
88	57
89	57
90	57
91	57
92	57
93	57
94	57
95	57
96	57
97	57
98	57
99	57
100	57
101	57
102	57
103	57
104	57
105	57
106	57
107	57
108	57
109	57
110	57
111	57
112	57
113	57
114	57
115	57
116	57
117	57
118	57
119	57
120	57
121	57
122	57
123	57
124	57
125	57
126	57
127	57
128	57
129	57
130	57
131	57
132	57
133	57
134	57
135	57
136	57
137	57
138	57
139	57
140	57
141	57
142	57
143	57
144	57
145	57
146	57
147	57
148	57
149	57
150	57
151	57
152	57
153	57
154	57
155	57
156	57
157	57
158	57
159	57
160	57
161	57
162	57
163	57
164	57
165	57
166	57
167	57
168	57
169	57
170	57
171	57
172	57
173	57
174	57
175	57
176	57
177	57
178	57
179	57
180	57
181	57
182	57
183	57
184	57
185	57
186	57
187	57
188	57
189	57
190	57
191	57
192	57
193	57
194	57
195	57
196	57
197	57
198	57
199	57
200	57
201	57
202	57
203	57
204	57
205	57
206	57
207	57
208	57
209	57
210	57
211	57
212	57
213	57
214	57
215	57
216	57
217	57
218	57
219	57
220	57
221	57
222	57
223	57
224	57
225	57
226	57
227	57
228	57
229	57
230	57
231	57
232	57
233	57
234	57
235	57
236	57
237	57
238	57
239	57
240	57
241	57
242	57
243	57
244	57
245	57
258	57
259	57
260	57
261	57
262	57
263	57
319	57
320	57
396	57
397	57
398	57
8	58
9	58
10	58
11	58
12	58
82	58
83	58
88	58
89	58
90	58
91	58
198	58
199	58
200	58
201	58
202	58
203	58
204	58
205	58
206	58
207	58
209	58
210	58
211	58
212	58
213	58
214	58
215	58
216	58
217	58
218	58
219	58
220	58
221	58
222	58
223	58
224	58
225	58
226	58
227	58
228	58
229	58
230	58
231	58
232	58
233	58
234	58
235	58
236	58
237	58
238	58
239	58
240	58
241	58
242	58
243	58
244	58
245	58
246	58
247	58
248	58
249	58
250	58
251	58
252	58
253	58
254	58
255	58
256	58
257	58
258	58
259	58
260	58
261	58
262	58
263	58
264	58
265	58
266	58
267	58
268	58
269	58
270	58
271	58
272	58
273	58
274	58
275	58
276	58
277	58
278	58
279	58
280	58
281	58
282	58
283	58
284	58
285	58
286	58
287	58
288	58
289	58
290	58
291	58
292	58
293	58
294	58
295	58
296	58
297	58
298	58
299	58
300	58
301	58
302	58
303	58
304	58
305	58
306	58
307	58
308	58
309	58
310	58
311	58
312	58
313	58
314	58
315	58
319	58
320	58
321	58
322	58
396	58
397	58
398	58
8	59
9	59
10	59
11	59
12	59
82	59
83	59
87	59
88	59
89	59
245	59
246	59
247	59
248	59
249	59
250	59
251	59
252	59
253	59
254	59
255	59
256	59
257	59
258	59
263	59
264	59
265	59
266	59
267	59
268	59
269	59
270	59
271	59
272	59
273	59
274	59
275	59
276	59
277	59
278	59
279	59
280	59
281	59
282	59
283	59
284	59
285	59
286	59
287	59
288	59
289	59
290	59
291	59
292	59
293	59
294	59
295	59
296	59
297	59
298	59
299	59
300	59
301	59
302	59
303	59
304	59
305	59
306	59
307	59
308	59
309	59
310	59
311	59
312	59
313	59
314	59
315	59
316	59
317	59
320	59
321	59
322	59
396	59
397	59
398	59
8	60
9	60
10	60
11	60
12	60
82	60
83	60
87	60
88	60
89	60
245	60
246	60
247	60
248	60
249	60
250	60
251	60
252	60
253	60
254	60
255	60
256	60
257	60
258	60
263	60
264	60
265	60
266	60
267	60
268	60
269	60
270	60
271	60
272	60
273	60
274	60
275	60
276	60
277	60
278	60
279	60
280	60
281	60
282	60
283	60
284	60
285	60
286	60
287	60
288	60
289	60
290	60
291	60
292	60
293	60
294	60
295	60
296	60
297	60
298	60
299	60
300	60
301	60
302	60
303	60
304	60
305	60
306	60
307	60
308	60
309	60
310	60
311	60
312	60
313	60
314	60
315	60
316	60
317	60
320	60
321	60
322	60
396	60
397	60
398	60
8	61
9	61
10	61
11	61
12	61
82	61
83	61
87	61
88	61
314	61
315	61
316	61
317	61
320	61
321	61
322	61
396	61
397	61
398	61
7	62
8	62
9	62
10	62
11	62
12	62
82	62
83	62
87	62
88	62
315	62
316	62
317	62
320	62
321	62
322	62
396	62
397	62
398	62
7	63
8	63
11	63
12	63
82	63
83	63
87	63
88	63
315	63
316	63
317	63
320	63
321	63
322	63
396	63
397	63
398	63
7	64
8	64
11	64
12	64
82	64
83	64
87	64
88	64
315	64
316	64
317	64
320	64
321	64
322	64
396	64
397	64
398	64
7	65
8	65
11	65
12	65
82	65
83	65
87	65
88	65
315	65
316	65
317	65
320	65
321	65
322	65
396	65
397	65
398	65
7	66
8	66
11	66
12	66
82	66
83	66
87	66
88	66
315	66
316	66
317	66
320	66
321	66
322	66
396	66
397	66
398	66
7	67
8	67
11	67
12	67
82	67
83	67
87	67
88	67
315	67
316	67
317	67
320	67
321	67
322	67
396	67
397	67
398	67
7	68
8	68
11	68
12	68
82	68
83	68
87	68
88	68
315	68
316	68
317	68
320	68
321	68
322	68
396	68
397	68
398	68
7	69
8	69
11	69
12	69
82	69
83	69
87	69
88	69
315	69
316	69
317	69
320	69
321	69
322	69
396	69
397	69
398	69
7	70
8	70
11	70
12	70
82	70
83	70
87	70
88	70
315	70
316	70
317	70
320	70
321	70
322	70
396	70
397	70
398	70
7	71
8	71
11	71
12	71
82	71
83	71
87	71
88	71
315	71
316	71
317	71
320	71
321	71
322	71
396	71
397	71
398	71
7	72
8	72
11	72
12	72
82	72
83	72
87	72
88	72
315	72
316	72
317	72
320	72
321	72
322	72
396	72
397	72
398	72
7	73
8	73
11	73
12	73
82	73
83	73
87	73
88	73
315	73
316	73
317	73
320	73
321	73
322	73
396	73
397	73
398	73
7	74
8	74
11	74
12	74
82	74
83	74
87	74
88	74
315	74
316	74
317	74
320	74
321	74
322	74
396	74
397	74
398	74
7	75
8	75
11	75
12	75
82	75
83	75
87	75
88	75
315	75
316	75
317	75
320	75
321	75
322	75
396	75
397	75
398	75
7	76
8	76
11	76
12	76
82	76
83	76
87	76
88	76
315	76
316	76
317	76
320	76
321	76
322	76
396	76
397	76
398	76
7	77
8	77
11	77
12	77
82	77
83	77
87	77
88	77
315	77
316	77
317	77
320	77
321	77
322	77
396	77
397	77
398	77
7	78
8	78
11	78
12	78
82	78
83	78
87	78
88	78
315	78
316	78
317	78
320	78
321	78
322	78
396	78
397	78
398	78
7	79
8	79
11	79
12	79
82	79
83	79
87	79
88	79
315	79
316	79
317	79
320	79
321	79
322	79
396	79
397	79
398	79
7	80
8	80
11	80
12	80
82	80
83	80
87	80
88	80
315	80
316	80
317	80
320	80
321	80
322	80
396	80
397	80
398	80
7	81
8	81
11	81
12	81
82	81
83	81
87	81
88	81
315	81
316	81
317	81
320	81
321	81
322	81
396	81
397	81
398	81
7	82
8	82
11	82
12	82
82	82
83	82
87	82
88	82
315	82
316	82
317	82
320	82
321	82
322	82
396	82
397	82
398	82
7	83
8	83
11	83
12	83
82	83
83	83
87	83
88	83
315	83
316	83
317	83
320	83
321	83
322	83
396	83
397	83
398	83
7	84
8	84
11	84
12	84
82	84
83	84
87	84
88	84
315	84
316	84
317	84
320	84
321	84
322	84
323	84
396	84
397	84
398	84
7	85
8	85
11	85
12	85
82	85
83	85
87	85
88	85
315	85
316	85
317	85
320	85
321	85
322	85
323	85
396	85
397	85
398	85
7	86
8	86
11	86
12	86
82	86
83	86
87	86
88	86
315	86
316	86
317	86
321	86
322	86
323	86
396	86
397	86
398	86
7	87
8	87
11	87
12	87
82	87
83	87
87	87
88	87
315	87
316	87
317	87
320	87
321	87
322	87
323	87
396	87
397	87
398	87
7	88
8	88
11	88
12	88
82	88
83	88
87	88
88	88
315	88
316	88
317	88
320	88
321	88
322	88
396	88
397	88
398	88
7	89
8	89
11	89
12	89
82	89
83	89
87	89
88	89
315	89
316	89
317	89
320	89
321	89
322	89
396	89
397	89
398	89
7	90
8	90
11	90
12	90
82	90
83	90
87	90
88	90
315	90
316	90
317	90
320	90
321	90
322	90
396	90
397	90
398	90
7	91
8	91
11	91
12	91
82	91
83	91
87	91
88	91
315	91
316	91
317	91
320	91
321	91
322	91
396	91
397	91
398	91
7	92
8	92
11	92
12	92
82	92
83	92
87	92
88	92
315	92
316	92
317	92
320	92
321	92
322	92
323	92
396	92
397	92
398	92
7	93
8	93
11	93
12	93
82	93
83	93
87	93
88	93
315	93
316	93
317	93
321	93
322	93
323	93
396	93
397	93
398	93
7	94
8	94
11	94
12	94
82	94
83	94
85	94
86	94
87	94
88	94
315	94
316	94
317	94
321	94
322	94
323	94
395	94
396	94
397	94
398	94
7	95
8	95
11	95
12	95
82	95
83	95
85	95
86	95
87	95
88	95
315	95
316	95
317	95
321	95
322	95
323	95
395	95
396	95
397	95
398	95
7	96
8	96
11	96
12	96
82	96
83	96
85	96
86	96
87	96
315	96
316	96
317	96
318	96
321	96
322	96
323	96
395	96
396	96
7	97
8	97
11	97
12	97
82	97
83	97
85	97
86	97
87	97
316	97
317	97
318	97
321	97
322	97
323	97
324	97
395	97
396	97
7	98
8	98
11	98
12	98
82	98
83	98
85	98
86	98
87	98
316	98
317	98
318	98
323	98
324	98
395	98
396	98
397	98
398	98
7	99
8	99
11	99
12	99
82	99
83	99
85	99
86	99
87	99
315	99
316	99
317	99
318	99
396	99
397	99
398	99
7	100
8	100
11	100
12	100
82	100
83	100
85	100
86	100
87	100
315	100
316	100
317	100
318	100
396	100
397	100
398	100
7	101
8	101
11	101
12	101
82	101
83	101
85	101
86	101
87	101
315	101
316	101
317	101
396	101
397	101
398	101
7	102
8	102
11	102
12	102
82	102
83	102
85	102
86	102
87	102
315	102
316	102
317	102
396	102
397	102
398	102
7	103
8	103
11	103
12	103
82	103
83	103
85	103
86	103
87	103
165	103
166	103
167	103
168	103
169	103
170	103
171	103
172	103
173	103
174	103
175	103
176	103
177	103
315	103
316	103
317	103
396	103
397	103
398	103
7	104
8	104
11	104
12	104
82	104
83	104
85	104
86	104
87	104
163	104
164	104
165	104
166	104
167	104
168	104
169	104
170	104
171	104
172	104
173	104
174	104
175	104
176	104
177	104
178	104
179	104
180	104
181	104
315	104
316	104
317	104
396	104
397	104
398	104
7	105
8	105
11	105
12	105
82	105
83	105
85	105
86	105
87	105
163	105
164	105
165	105
166	105
167	105
168	105
169	105
170	105
171	105
172	105
173	105
174	105
175	105
176	105
177	105
178	105
179	105
180	105
181	105
315	105
316	105
317	105
396	105
397	105
398	105
7	106
8	106
11	106
12	106
82	106
83	106
85	106
86	106
87	106
160	106
161	106
162	106
163	106
164	106
165	106
166	106
167	106
175	106
176	106
177	106
178	106
179	106
180	106
181	106
182	106
315	106
316	106
317	106
396	106
397	106
398	106
7	107
8	107
11	107
12	107
82	107
83	107
85	107
86	107
87	107
159	107
160	107
161	107
162	107
163	107
179	107
180	107
181	107
182	107
183	107
315	107
316	107
317	107
396	107
397	107
398	107
7	108
8	108
11	108
12	108
82	108
83	108
85	108
86	108
87	108
158	108
159	108
160	108
161	108
162	108
180	108
181	108
182	108
183	108
184	108
315	108
316	108
317	108
318	108
396	108
397	108
398	108
7	109
8	109
11	109
12	109
82	109
83	109
85	109
86	109
87	109
157	109
158	109
159	109
160	109
161	109
182	109
183	109
184	109
185	109
186	109
316	109
317	109
318	109
396	109
397	109
398	109
7	110
8	110
11	110
12	110
82	110
83	110
85	110
86	110
87	110
157	110
158	110
159	110
160	110
182	110
183	110
184	110
185	110
186	110
316	110
317	110
318	110
396	110
397	110
398	110
7	111
8	111
11	111
12	111
82	111
83	111
85	111
86	111
87	111
155	111
156	111
157	111
158	111
159	111
183	111
184	111
185	111
186	111
187	111
316	111
317	111
318	111
396	111
397	111
398	111
7	112
8	112
11	112
12	112
82	112
83	112
85	112
86	112
87	112
155	112
156	112
157	112
158	112
184	112
185	112
186	112
187	112
316	112
317	112
318	112
396	112
397	112
398	112
7	113
8	113
11	113
12	113
80	113
81	113
82	113
83	113
85	113
86	113
87	113
154	113
155	113
156	113
157	113
173	113
174	113
185	113
186	113
187	113
188	113
316	113
317	113
318	113
396	113
397	113
398	113
7	114
8	114
11	114
12	114
80	114
81	114
82	114
83	114
85	114
86	114
87	114
153	114
154	114
155	114
156	114
157	114
168	114
169	114
170	114
171	114
172	114
173	114
174	114
175	114
176	114
185	114
186	114
187	114
188	114
189	114
316	114
317	114
318	114
396	114
397	114
398	114
7	115
8	115
11	115
12	115
82	115
83	115
85	115
86	115
87	115
153	115
154	115
155	115
156	115
168	115
169	115
170	115
171	115
172	115
173	115
174	115
175	115
176	115
187	115
188	115
189	115
316	115
317	115
318	115
396	115
397	115
398	115
7	116
8	116
11	116
12	116
82	116
83	116
85	116
86	116
87	116
152	116
153	116
154	116
155	116
156	116
165	116
166	116
167	116
168	116
169	116
170	116
171	116
172	116
173	116
174	116
175	116
176	116
177	116
187	116
188	116
189	116
316	116
317	116
318	116
396	116
397	116
398	116
7	117
8	117
11	117
12	117
80	117
81	117
82	117
83	117
85	117
86	117
87	117
152	117
153	117
154	117
164	117
165	117
166	117
167	117
168	117
169	117
174	117
175	117
176	117
177	117
178	117
179	117
188	117
189	117
316	117
317	117
318	117
396	117
397	117
398	117
7	118
8	118
11	118
12	118
80	118
81	118
82	118
85	118
86	118
87	118
153	118
154	118
162	118
163	118
164	118
165	118
166	118
167	118
175	118
176	118
177	118
178	118
179	118
180	118
181	118
187	118
188	118
189	118
316	118
317	118
318	118
396	118
397	118
398	118
7	119
8	119
11	119
12	119
80	119
81	119
82	119
83	119
85	119
86	119
87	119
153	119
154	119
155	119
156	119
157	119
158	119
159	119
160	119
161	119
162	119
163	119
164	119
165	119
166	119
178	119
179	119
180	119
181	119
182	119
183	119
184	119
185	119
186	119
187	119
188	119
189	119
316	119
317	119
318	119
396	119
397	119
398	119
7	120
8	120
11	120
12	120
82	120
83	120
85	120
86	120
87	120
153	120
154	120
155	120
156	120
157	120
158	120
159	120
160	120
161	120
162	120
163	120
179	120
180	120
181	120
182	120
183	120
184	120
185	120
186	120
187	120
188	120
316	120
317	120
318	120
396	120
397	120
398	120
7	121
8	121
11	121
12	121
82	121
83	121
85	121
86	121
87	121
153	121
154	121
155	121
156	121
157	121
158	121
159	121
160	121
161	121
162	121
163	121
179	121
180	121
181	121
182	121
183	121
184	121
185	121
186	121
187	121
188	121
316	121
317	121
318	121
396	121
397	121
398	121
7	122
8	122
11	122
12	122
82	122
83	122
85	122
86	122
87	122
154	122
155	122
156	122
157	122
158	122
159	122
160	122
161	122
180	122
181	122
182	122
185	122
186	122
187	122
188	122
316	122
317	122
318	122
396	122
397	122
398	122
7	123
8	123
11	123
12	123
82	123
83	123
85	123
86	123
87	123
154	123
155	123
156	123
157	123
158	123
159	123
160	123
161	123
162	123
163	123
164	123
165	123
166	123
167	123
168	123
169	123
170	123
171	123
172	123
173	123
174	123
175	123
176	123
177	123
178	123
179	123
180	123
181	123
182	123
183	123
184	123
185	123
186	123
187	123
188	123
316	123
317	123
318	123
396	123
397	123
398	123
7	124
8	124
11	124
12	124
82	124
83	124
85	124
86	124
87	124
153	124
154	124
155	124
156	124
157	124
158	124
159	124
160	124
161	124
162	124
163	124
164	124
165	124
166	124
167	124
168	124
169	124
170	124
171	124
172	124
173	124
174	124
175	124
176	124
177	124
178	124
179	124
180	124
181	124
182	124
183	124
184	124
185	124
186	124
187	124
188	124
189	124
316	124
317	124
318	124
396	124
397	124
398	124
7	125
8	125
11	125
12	125
81	125
82	125
83	125
85	125
86	125
87	125
153	125
154	125
155	125
156	125
158	125
159	125
187	125
188	125
189	125
316	125
317	125
318	125
396	125
397	125
398	125
7	126
8	126
11	126
12	126
80	126
81	126
82	126
83	126
85	126
86	126
87	126
153	126
154	126
155	126
156	126
158	126
159	126
187	126
188	126
189	126
316	126
317	126
318	126
396	126
397	126
398	126
7	127
8	127
11	127
12	127
80	127
81	127
82	127
85	127
86	127
87	127
152	127
153	127
154	127
188	127
189	127
190	127
191	127
316	127
317	127
318	127
395	127
396	127
397	127
398	127
7	128
8	128
11	128
12	128
80	128
81	128
82	128
85	128
86	128
87	128
152	128
153	128
157	128
158	128
159	128
160	128
161	128
162	128
163	128
164	128
165	128
166	128
167	128
168	128
169	128
170	128
171	128
172	128
173	128
174	128
175	128
176	128
177	128
178	128
179	128
180	128
181	128
182	128
183	128
184	128
189	128
190	128
191	128
316	128
317	128
318	128
395	128
396	128
7	129
8	129
11	129
12	129
80	129
81	129
82	129
85	129
86	129
87	129
152	129
153	129
157	129
158	129
159	129
160	129
161	129
162	129
163	129
164	129
165	129
166	129
167	129
168	129
169	129
170	129
171	129
172	129
173	129
174	129
175	129
176	129
177	129
178	129
179	129
180	129
181	129
182	129
183	129
184	129
185	129
186	129
189	129
190	129
191	129
316	129
317	129
318	129
395	129
396	129
7	130
8	130
11	130
12	130
80	130
81	130
82	130
85	130
86	130
87	130
152	130
153	130
157	130
158	130
183	130
184	130
185	130
186	130
189	130
190	130
191	130
316	130
317	130
318	130
395	130
396	130
7	131
8	131
11	131
12	131
80	131
81	131
82	131
85	131
86	131
87	131
152	131
153	131
157	131
158	131
183	131
184	131
185	131
186	131
189	131
190	131
191	131
316	131
317	131
318	131
395	131
396	131
7	132
8	132
11	132
12	132
80	132
81	132
82	132
85	132
86	132
87	132
152	132
153	132
157	132
158	132
184	132
185	132
186	132
189	132
190	132
191	132
316	132
317	132
318	132
395	132
396	132
7	133
8	133
11	133
12	133
80	133
81	133
82	133
85	133
86	133
87	133
152	133
153	133
155	133
156	133
157	133
158	133
184	133
185	133
186	133
189	133
190	133
191	133
316	133
317	133
318	133
395	133
396	133
7	134
8	134
11	134
12	134
80	134
81	134
82	134
85	134
86	134
87	134
152	134
153	134
155	134
156	134
157	134
184	134
185	134
186	134
189	134
190	134
191	134
316	134
317	134
318	134
395	134
396	134
7	135
8	135
11	135
12	135
80	135
81	135
82	135
85	135
86	135
87	135
152	135
153	135
155	135
156	135
157	135
184	135
185	135
186	135
189	135
190	135
191	135
316	135
317	135
318	135
395	135
396	135
7	136
8	136
11	136
12	136
80	136
81	136
82	136
85	136
86	136
87	136
152	136
153	136
155	136
156	136
157	136
184	136
185	136
186	136
189	136
190	136
191	136
316	136
317	136
318	136
395	136
396	136
7	137
8	137
11	137
12	137
80	137
81	137
82	137
85	137
86	137
87	137
152	137
153	137
155	137
156	137
157	137
184	137
185	137
186	137
189	137
190	137
191	137
316	137
317	137
318	137
395	137
396	137
7	138
8	138
11	138
12	138
80	138
81	138
82	138
85	138
86	138
87	138
152	138
153	138
155	138
156	138
157	138
184	138
185	138
186	138
189	138
190	138
191	138
316	138
317	138
318	138
395	138
396	138
7	139
8	139
11	139
12	139
80	139
81	139
82	139
85	139
86	139
87	139
152	139
153	139
155	139
156	139
157	139
184	139
185	139
186	139
189	139
190	139
191	139
316	139
317	139
318	139
395	139
396	139
7	140
8	140
11	140
12	140
80	140
81	140
82	140
85	140
86	140
87	140
152	140
153	140
155	140
156	140
157	140
184	140
185	140
186	140
189	140
190	140
191	140
316	140
317	140
318	140
395	140
396	140
7	141
8	141
11	141
12	141
80	141
81	141
82	141
85	141
86	141
87	141
152	141
153	141
155	141
156	141
157	141
184	141
185	141
186	141
189	141
190	141
191	141
316	141
317	141
318	141
395	141
396	141
7	142
8	142
11	142
12	142
79	142
80	142
81	142
82	142
85	142
86	142
87	142
152	142
153	142
155	142
156	142
157	142
184	142
185	142
186	142
189	142
190	142
191	142
316	142
317	142
318	142
321	142
322	142
323	142
395	142
396	142
7	143
8	143
11	143
12	143
79	143
80	143
81	143
85	143
86	143
87	143
152	143
153	143
155	143
156	143
157	143
184	143
185	143
186	143
189	143
190	143
191	143
316	143
317	143
318	143
321	143
322	143
323	143
395	143
396	143
7	144
8	144
11	144
12	144
79	144
80	144
81	144
85	144
86	144
87	144
152	144
153	144
155	144
156	144
157	144
184	144
185	144
186	144
189	144
190	144
191	144
316	144
317	144
318	144
321	144
322	144
323	144
395	144
396	144
7	145
8	145
11	145
12	145
79	145
80	145
81	145
85	145
86	145
87	145
152	145
153	145
155	145
156	145
157	145
184	145
185	145
186	145
189	145
190	145
191	145
316	145
317	145
318	145
321	145
322	145
323	145
395	145
396	145
7	146
8	146
11	146
12	146
79	146
80	146
81	146
85	146
86	146
87	146
152	146
153	146
155	146
156	146
157	146
184	146
185	146
186	146
189	146
190	146
191	146
316	146
317	146
318	146
321	146
322	146
323	146
395	146
396	146
7	147
8	147
11	147
12	147
79	147
80	147
81	147
82	147
84	147
85	147
86	147
87	147
152	147
153	147
155	147
156	147
157	147
184	147
185	147
186	147
189	147
190	147
191	147
316	147
317	147
318	147
321	147
322	147
323	147
324	147
395	147
396	147
7	148
8	148
11	148
12	148
79	148
80	148
81	148
82	148
84	148
85	148
86	148
152	148
153	148
155	148
156	148
157	148
184	148
185	148
186	148
189	148
190	148
191	148
316	148
317	148
318	148
321	148
322	148
323	148
324	148
395	148
396	148
6	149
7	149
8	149
11	149
12	149
79	149
80	149
81	149
84	149
85	149
86	149
152	149
153	149
155	149
156	149
157	149
158	149
184	149
185	149
186	149
189	149
190	149
191	149
316	149
317	149
318	149
321	149
322	149
323	149
395	149
396	149
6	150
7	150
11	150
12	150
79	150
80	150
81	150
84	150
85	150
86	150
152	150
153	150
157	150
158	150
184	150
185	150
186	150
189	150
190	150
191	150
316	150
317	150
318	150
321	150
322	150
323	150
395	150
396	150
6	151
7	151
11	151
12	151
79	151
80	151
81	151
84	151
85	151
86	151
152	151
153	151
157	151
158	151
184	151
185	151
186	151
189	151
190	151
191	151
316	151
317	151
318	151
321	151
322	151
323	151
395	151
396	151
6	152
7	152
11	152
12	152
79	152
80	152
81	152
84	152
85	152
86	152
152	152
153	152
157	152
158	152
184	152
185	152
186	152
189	152
190	152
191	152
316	152
317	152
318	152
321	152
322	152
323	152
395	152
396	152
6	153
7	153
11	153
12	153
79	153
80	153
81	153
84	153
85	153
86	153
152	153
153	153
157	153
158	153
184	153
185	153
186	153
189	153
190	153
191	153
316	153
317	153
318	153
321	153
322	153
323	153
395	153
396	153
6	154
7	154
11	154
12	154
79	154
80	154
81	154
84	154
85	154
86	154
152	154
153	154
157	154
158	154
184	154
185	154
186	154
189	154
190	154
191	154
316	154
317	154
318	154
321	154
322	154
323	154
395	154
396	154
6	155
7	155
11	155
12	155
79	155
80	155
81	155
84	155
85	155
86	155
152	155
153	155
157	155
158	155
184	155
185	155
186	155
189	155
190	155
191	155
316	155
317	155
318	155
321	155
322	155
323	155
395	155
396	155
6	156
7	156
11	156
12	156
79	156
80	156
81	156
84	156
85	156
86	156
152	156
153	156
157	156
158	156
184	156
185	156
186	156
189	156
190	156
191	156
316	156
317	156
318	156
321	156
322	156
323	156
395	156
396	156
6	157
7	157
11	157
12	157
79	157
80	157
81	157
84	157
85	157
86	157
152	157
153	157
157	157
158	157
183	157
184	157
185	157
186	157
189	157
190	157
191	157
316	157
317	157
318	157
321	157
322	157
323	157
395	157
396	157
6	158
7	158
11	158
12	158
79	158
80	158
81	158
84	158
85	158
86	158
152	158
153	158
157	158
158	158
159	158
160	158
161	158
162	158
163	158
164	158
165	158
166	158
167	158
168	158
169	158
170	158
171	158
172	158
173	158
174	158
175	158
176	158
177	158
178	158
179	158
180	158
181	158
182	158
183	158
184	158
185	158
186	158
189	158
190	158
191	158
316	158
317	158
318	158
321	158
322	158
323	158
395	158
396	158
6	159
7	159
11	159
12	159
79	159
80	159
81	159
84	159
85	159
86	159
152	159
153	159
157	159
158	159
159	159
160	159
161	159
162	159
163	159
164	159
165	159
166	159
167	159
168	159
169	159
170	159
171	159
172	159
173	159
174	159
175	159
176	159
177	159
178	159
179	159
180	159
181	159
182	159
183	159
184	159
188	159
189	159
190	159
191	159
316	159
317	159
318	159
321	159
322	159
323	159
395	159
396	159
6	160
7	160
11	160
12	160
79	160
80	160
81	160
84	160
85	160
86	160
152	160
153	160
154	160
188	160
189	160
190	160
316	160
317	160
318	160
321	160
322	160
323	160
395	160
396	160
6	161
7	161
11	161
12	161
79	161
80	161
81	161
84	161
85	161
86	161
152	161
153	161
154	161
188	161
189	161
190	161
191	161
316	161
317	161
318	161
321	161
322	161
323	161
395	161
396	161
6	162
7	162
11	162
12	162
79	162
80	162
81	162
84	162
85	162
86	162
152	162
153	162
154	162
155	162
156	162
157	162
158	162
159	162
165	162
166	162
167	162
168	162
169	162
170	162
171	162
172	162
174	162
175	162
176	162
177	162
178	162
179	162
180	162
181	162
182	162
183	162
184	162
185	162
186	162
187	162
188	162
189	162
190	162
191	162
316	162
317	162
318	162
321	162
322	162
323	162
395	162
396	162
6	163
7	163
11	163
12	163
79	163
80	163
81	163
84	163
85	163
86	163
153	163
154	163
155	163
156	163
157	163
158	163
159	163
160	163
161	163
162	163
163	163
164	163
165	163
166	163
167	163
168	163
169	163
170	163
171	163
172	163
173	163
174	163
175	163
176	163
177	163
178	163
179	163
180	163
181	163
182	163
183	163
184	163
185	163
186	163
187	163
188	163
189	163
316	163
317	163
318	163
321	163
322	163
323	163
395	163
396	163
6	164
7	164
11	164
12	164
79	164
80	164
81	164
84	164
85	164
86	164
159	164
160	164
161	164
162	164
163	164
164	164
165	164
166	164
172	164
173	164
174	164
316	164
317	164
318	164
321	164
322	164
323	164
395	164
396	164
6	165
7	165
11	165
12	165
79	165
80	165
81	165
84	165
85	165
86	165
316	165
317	165
318	165
321	165
322	165
323	165
395	165
396	165
6	166
7	166
11	166
12	166
79	166
80	166
81	166
84	166
85	166
86	166
316	166
317	166
318	166
321	166
322	166
323	166
395	166
396	166
6	167
7	167
11	167
12	167
79	167
80	167
81	167
84	167
85	167
86	167
316	167
317	167
318	167
321	167
322	167
323	167
395	167
396	167
6	168
7	168
11	168
12	168
79	168
80	168
81	168
83	168
84	168
85	168
86	168
316	168
317	168
318	168
321	168
322	168
323	168
395	168
396	168
6	169
7	169
11	169
12	169
79	169
80	169
81	169
83	169
84	169
316	169
317	169
318	169
321	169
322	169
323	169
395	169
396	169
6	170
7	170
11	170
12	170
79	170
80	170
81	170
83	170
84	170
316	170
317	170
318	170
321	170
322	170
323	170
395	170
396	170
6	171
7	171
11	171
12	171
79	171
80	171
81	171
83	171
84	171
316	171
317	171
318	171
321	171
322	171
323	171
395	171
396	171
6	172
7	172
11	172
12	172
79	172
80	172
81	172
83	172
84	172
316	172
317	172
318	172
321	172
322	172
323	172
395	172
396	172
6	173
7	173
11	173
12	173
79	173
80	173
81	173
83	173
84	173
316	173
317	173
318	173
319	173
321	173
322	173
323	173
324	173
395	173
396	173
6	174
7	174
11	174
12	174
79	174
80	174
81	174
83	174
84	174
318	174
319	174
323	174
324	174
395	174
396	174
6	175
7	175
11	175
12	175
79	175
80	175
81	175
83	175
84	175
318	175
319	175
323	175
324	175
395	175
396	175
6	176
7	176
11	176
12	176
79	176
80	176
81	176
83	176
84	176
318	176
319	176
323	176
324	176
395	176
396	176
6	177
7	177
11	177
12	177
79	177
80	177
81	177
83	177
84	177
318	177
319	177
323	177
324	177
395	177
396	177
6	178
7	178
11	178
12	178
78	178
79	178
80	178
81	178
83	178
84	178
318	178
319	178
321	178
322	178
323	178
324	178
395	178
396	178
6	179
7	179
11	179
12	179
78	179
79	179
83	179
84	179
318	179
319	179
321	179
322	179
323	179
395	179
396	179
4	180
5	180
6	180
7	180
11	180
12	180
78	180
79	180
83	180
84	180
318	180
319	180
321	180
322	180
323	180
395	180
396	180
4	181
5	181
6	181
7	181
11	181
12	181
78	181
79	181
83	181
84	181
318	181
319	181
321	181
322	181
323	181
395	181
396	181
4	182
5	182
6	182
11	182
12	182
78	182
79	182
80	182
81	182
83	182
84	182
318	182
319	182
321	182
322	182
323	182
395	182
396	182
4	183
5	183
6	183
11	183
12	183
79	183
80	183
81	183
83	183
84	183
318	183
319	183
321	183
322	183
323	183
324	183
395	183
396	183
4	184
5	184
6	184
11	184
12	184
79	184
80	184
81	184
83	184
84	184
318	184
319	184
321	184
322	184
323	184
324	184
395	184
396	184
4	185
5	185
6	185
7	185
11	185
12	185
79	185
80	185
81	185
83	185
84	185
318	185
319	185
321	185
322	185
323	185
395	185
396	185
4	186
5	186
6	186
7	186
11	186
12	186
79	186
80	186
81	186
83	186
84	186
318	186
319	186
321	186
322	186
323	186
395	186
396	186
6	187
7	187
11	187
12	187
78	187
79	187
80	187
81	187
83	187
84	187
318	187
319	187
321	187
322	187
323	187
395	187
396	187
6	188
7	188
11	188
12	188
78	188
79	188
83	188
84	188
318	188
319	188
321	188
322	188
323	188
395	188
396	188
6	189
7	189
11	189
12	189
78	189
79	189
83	189
84	189
318	189
319	189
321	189
322	189
323	189
395	189
396	189
6	190
7	190
11	190
12	190
78	190
79	190
83	190
84	190
318	190
319	190
321	190
322	190
323	190
324	190
395	190
396	190
6	191
7	191
11	191
12	191
78	191
79	191
83	191
84	191
318	191
319	191
321	191
322	191
323	191
324	191
395	191
396	191
6	192
7	192
11	192
12	192
78	192
79	192
80	192
81	192
83	192
84	192
318	192
319	192
323	192
324	192
395	192
396	192
6	193
7	193
11	193
12	193
79	193
80	193
81	193
83	193
84	193
318	193
319	193
323	193
324	193
395	193
396	193
6	194
7	194
11	194
12	194
79	194
80	194
81	194
83	194
84	194
318	194
319	194
323	194
324	194
395	194
396	194
4	195
5	195
6	195
7	195
11	195
12	195
79	195
80	195
81	195
83	195
84	195
318	195
319	195
323	195
324	195
395	195
396	195
4	196
5	196
6	196
7	196
11	196
12	196
79	196
80	196
81	196
83	196
84	196
318	196
319	196
323	196
324	196
395	196
396	196
4	197
5	197
6	197
11	197
12	197
78	197
79	197
80	197
81	197
83	197
84	197
318	197
319	197
323	197
324	197
395	197
396	197
4	198
5	198
6	198
11	198
12	198
78	198
79	198
83	198
84	198
318	198
319	198
323	198
324	198
395	198
396	198
4	199
5	199
6	199
11	199
12	199
78	199
79	199
83	199
84	199
318	199
319	199
323	199
324	199
395	199
396	199
4	200
5	200
6	200
11	200
12	200
78	200
79	200
83	200
84	200
318	200
319	200
323	200
324	200
395	200
396	200
4	201
5	201
6	201
11	201
12	201
78	201
79	201
83	201
84	201
318	201
319	201
323	201
324	201
395	201
396	201
4	202
5	202
6	202
7	202
11	202
12	202
78	202
79	202
83	202
84	202
318	202
319	202
323	202
324	202
395	202
396	202
6	203
7	203
11	203
12	203
78	203
79	203
83	203
84	203
318	203
319	203
323	203
324	203
389	203
390	203
395	203
396	203
6	204
7	204
11	204
12	204
78	204
79	204
83	204
84	204
318	204
319	204
323	204
324	204
389	204
390	204
395	204
396	204
6	205
7	205
11	205
12	205
78	205
79	205
83	205
84	205
318	205
319	205
323	205
324	205
389	205
390	205
395	205
396	205
6	206
7	206
11	206
12	206
78	206
79	206
83	206
84	206
318	206
319	206
323	206
324	206
389	206
390	206
395	206
396	206
6	207
7	207
11	207
12	207
78	207
79	207
83	207
84	207
318	207
319	207
323	207
324	207
389	207
390	207
395	207
396	207
6	208
7	208
11	208
12	208
77	208
78	208
79	208
83	208
84	208
318	208
319	208
323	208
324	208
389	208
390	208
395	208
396	208
6	209
7	209
11	209
12	209
77	209
78	209
83	209
84	209
318	209
319	209
323	209
324	209
389	209
390	209
395	209
396	209
6	210
7	210
11	210
12	210
83	210
84	210
318	210
319	210
323	210
324	210
389	210
390	210
395	210
396	210
6	211
7	211
11	211
12	211
83	211
84	211
318	211
319	211
323	211
324	211
389	211
390	211
395	211
396	211
6	212
7	212
11	212
12	212
83	212
84	212
318	212
319	212
323	212
324	212
389	212
390	212
395	212
396	212
6	213
7	213
11	213
12	213
83	213
84	213
318	213
319	213
323	213
324	213
389	213
390	213
395	213
396	213
6	214
7	214
11	214
12	214
83	214
84	214
318	214
319	214
323	214
324	214
389	214
390	214
395	214
396	214
4	215
5	215
6	215
7	215
11	215
12	215
83	215
84	215
318	215
319	215
323	215
324	215
325	215
389	215
390	215
395	215
396	215
4	216
5	216
6	216
7	216
11	216
12	216
83	216
84	216
318	216
319	216
323	216
324	216
325	216
389	216
390	216
395	216
396	216
4	217
5	217
6	217
11	217
12	217
83	217
84	217
318	217
319	217
324	217
325	217
389	217
390	217
395	217
396	217
4	218
5	218
6	218
11	218
12	218
83	218
84	218
318	218
319	218
324	218
325	218
389	218
390	218
391	218
395	218
396	218
4	219
5	219
6	219
7	219
11	219
12	219
83	219
84	219
318	219
319	219
323	219
324	219
325	219
382	219
383	219
384	219
386	219
387	219
388	219
389	219
390	219
391	219
395	219
396	219
6	220
7	220
11	220
12	220
83	220
84	220
318	220
319	220
323	220
324	220
325	220
326	220
327	220
328	220
382	220
383	220
384	220
385	220
386	220
387	220
388	220
389	220
390	220
391	220
395	220
396	220
6	221
7	221
11	221
12	221
83	221
84	221
318	221
319	221
323	221
324	221
325	221
326	221
327	221
328	221
382	221
383	221
384	221
385	221
386	221
387	221
388	221
389	221
390	221
391	221
395	221
396	221
6	222
7	222
11	222
12	222
82	222
83	222
84	222
318	222
319	222
324	222
325	222
326	222
327	222
328	222
382	222
383	222
384	222
385	222
386	222
387	222
388	222
389	222
390	222
391	222
395	222
396	222
6	223
7	223
11	223
12	223
13	223
14	223
15	223
16	223
80	223
81	223
82	223
83	223
318	223
319	223
320	223
324	223
325	223
326	223
327	223
389	223
390	223
391	223
395	223
396	223
4	224
5	224
6	224
7	224
11	224
12	224
13	224
14	224
15	224
16	224
17	224
18	224
19	224
20	224
21	224
22	224
23	224
24	224
25	224
26	224
27	224
28	224
29	224
30	224
31	224
32	224
33	224
34	224
35	224
36	224
37	224
38	224
39	224
40	224
41	224
42	224
43	224
44	224
45	224
46	224
47	224
48	224
49	224
50	224
51	224
52	224
53	224
54	224
55	224
56	224
57	224
58	224
59	224
60	224
61	224
62	224
63	224
64	224
65	224
66	224
67	224
68	224
69	224
70	224
71	224
72	224
73	224
74	224
75	224
76	224
77	224
78	224
79	224
80	224
81	224
82	224
83	224
318	224
319	224
320	224
321	224
322	224
323	224
324	224
325	224
326	224
327	224
328	224
329	224
330	224
331	224
332	224
333	224
334	224
335	224
336	224
337	224
338	224
339	224
340	224
341	224
342	224
343	224
344	224
345	224
346	224
347	224
348	224
349	224
350	224
351	224
352	224
353	224
354	224
355	224
356	224
357	224
358	224
359	224
360	224
361	224
362	224
363	224
364	224
365	224
366	224
367	224
368	224
369	224
370	224
371	224
372	224
373	224
374	224
375	224
376	224
377	224
378	224
379	224
380	224
381	224
382	224
383	224
384	224
385	224
386	224
387	224
388	224
389	224
390	224
391	224
395	224
396	224
4	225
5	225
6	225
13	225
14	225
15	225
16	225
17	225
18	225
19	225
20	225
21	225
22	225
23	225
24	225
25	225
26	225
27	225
28	225
29	225
30	225
31	225
32	225
33	225
34	225
35	225
36	225
37	225
38	225
39	225
40	225
41	225
42	225
43	225
44	225
45	225
46	225
47	225
48	225
49	225
50	225
51	225
52	225
53	225
54	225
55	225
56	225
57	225
58	225
59	225
60	225
61	225
62	225
63	225
64	225
65	225
66	225
67	225
68	225
69	225
70	225
71	225
72	225
73	225
74	225
75	225
76	225
77	225
78	225
79	225
80	225
81	225
319	225
320	225
321	225
322	225
323	225
324	225
325	225
326	225
327	225
328	225
329	225
330	225
331	225
332	225
333	225
334	225
335	225
336	225
337	225
338	225
339	225
340	225
341	225
342	225
343	225
344	225
345	225
346	225
347	225
348	225
349	225
350	225
351	225
352	225
353	225
354	225
355	225
356	225
357	225
358	225
359	225
360	225
361	225
362	225
363	225
364	225
365	225
366	225
367	225
368	225
369	225
370	225
371	225
372	225
373	225
374	225
375	225
376	225
377	225
378	225
379	225
380	225
381	225
382	225
383	225
384	225
385	225
386	225
387	225
388	225
389	225
390	225
395	225
396	225
4	226
5	226
6	226
13	226
14	226
15	226
16	226
17	226
18	226
19	226
20	226
21	226
22	226
23	226
24	226
25	226
26	226
27	226
28	226
29	226
30	226
31	226
32	226
33	226
34	226
35	226
36	226
37	226
38	226
39	226
40	226
41	226
42	226
43	226
44	226
45	226
46	226
47	226
48	226
49	226
50	226
51	226
52	226
53	226
54	226
55	226
56	226
57	226
58	226
59	226
60	226
61	226
62	226
63	226
64	226
65	226
66	226
67	226
68	226
69	226
70	226
71	226
72	226
73	226
74	226
75	226
76	226
77	226
78	226
79	226
80	226
81	226
319	226
320	226
321	226
322	226
323	226
324	226
325	226
326	226
327	226
328	226
329	226
330	226
331	226
332	226
333	226
334	226
335	226
336	226
337	226
338	226
339	226
340	226
341	226
342	226
343	226
344	226
345	226
346	226
347	226
348	226
349	226
350	226
351	226
352	226
353	226
354	226
355	226
356	226
357	226
358	226
359	226
360	226
361	226
362	226
363	226
364	226
365	226
366	226
367	226
368	226
369	226
370	226
371	226
372	226
373	226
374	226
375	226
376	226
377	226
378	226
379	226
380	226
381	226
382	226
383	226
384	226
385	226
386	226
387	226
388	226
389	226
390	226
395	226
396	226
4	227
5	227
6	227
8	227
9	227
10	227
392	227
393	227
394	227
395	227
396	227
4	228
5	228
6	228
8	228
9	228
10	228
84	228
85	228
86	228
87	228
88	228
89	228
90	228
91	228
97	228
98	228
99	228
100	228
101	228
102	228
103	228
104	228
105	228
106	228
107	228
108	228
109	228
110	228
111	228
112	228
113	228
114	228
115	228
116	228
117	228
118	228
119	228
120	228
121	228
122	228
123	228
124	228
125	228
126	228
127	228
128	228
129	228
130	228
131	228
147	228
148	228
149	228
150	228
151	228
152	228
153	228
154	228
155	228
156	228
157	228
158	228
159	228
160	228
161	228
162	228
163	228
164	228
165	228
166	228
167	228
168	228
169	228
170	228
171	228
172	228
173	228
174	228
175	228
176	228
177	228
178	228
179	228
180	228
181	228
182	228
183	228
184	228
185	228
186	228
187	228
188	228
189	228
190	228
191	228
192	228
193	228
194	228
195	228
196	228
197	228
198	228
199	228
200	228
201	228
202	228
203	228
204	228
205	228
206	228
207	228
208	228
209	228
210	228
211	228
212	228
213	228
214	228
215	228
216	228
217	228
218	228
219	228
220	228
221	228
222	228
223	228
224	228
225	228
226	228
227	228
228	228
229	228
230	228
231	228
232	228
233	228
234	228
235	228
236	228
237	228
238	228
239	228
240	228
241	228
242	228
243	228
244	228
245	228
246	228
247	228
248	228
249	228
250	228
251	228
252	228
253	228
254	228
255	228
256	228
257	228
258	228
259	228
260	228
261	228
262	228
263	228
264	228
265	228
266	228
267	228
268	228
269	228
270	228
271	228
272	228
273	228
274	228
275	228
276	228
277	228
278	228
279	228
280	228
281	228
282	228
283	228
284	228
285	228
286	228
287	228
288	228
289	228
290	228
291	228
292	228
293	228
294	228
295	228
296	228
297	228
298	228
299	228
300	228
301	228
302	228
303	228
304	228
305	228
306	228
307	228
308	228
309	228
310	228
311	228
312	228
313	228
314	228
315	228
316	228
317	228
390	228
391	228
392	228
393	228
394	228
395	228
396	228
4	229
5	229
6	229
12	229
13	229
14	229
15	229
16	229
17	229
18	229
19	229
20	229
21	229
24	229
25	229
26	229
27	229
28	229
29	229
30	229
31	229
32	229
33	229
34	229
35	229
36	229
37	229
38	229
39	229
40	229
41	229
42	229
43	229
48	229
49	229
50	229
51	229
52	229
53	229
54	229
55	229
56	229
57	229
61	229
62	229
63	229
64	229
65	229
66	229
67	229
68	229
74	229
75	229
76	229
77	229
78	229
79	229
80	229
81	229
82	229
83	229
84	229
85	229
86	229
87	229
88	229
89	229
90	229
91	229
92	229
93	229
94	229
95	229
96	229
97	229
98	229
99	229
100	229
101	229
102	229
103	229
104	229
105	229
106	229
107	229
108	229
109	229
110	229
111	229
112	229
113	229
114	229
115	229
116	229
117	229
118	229
119	229
120	229
121	229
122	229
123	229
124	229
125	229
126	229
127	229
128	229
129	229
130	229
131	229
132	229
133	229
134	229
135	229
136	229
137	229
138	229
139	229
140	229
141	229
142	229
143	229
144	229
145	229
146	229
147	229
148	229
149	229
150	229
151	229
152	229
153	229
154	229
155	229
156	229
157	229
158	229
159	229
160	229
161	229
162	229
163	229
164	229
165	229
166	229
167	229
168	229
169	229
170	229
171	229
172	229
173	229
174	229
175	229
176	229
177	229
178	229
179	229
180	229
181	229
182	229
183	229
184	229
185	229
186	229
187	229
188	229
189	229
190	229
191	229
192	229
193	229
194	229
195	229
196	229
197	229
198	229
199	229
200	229
201	229
202	229
203	229
204	229
205	229
206	229
207	229
208	229
209	229
210	229
211	229
212	229
213	229
214	229
215	229
216	229
217	229
218	229
219	229
220	229
221	229
222	229
223	229
224	229
225	229
226	229
227	229
228	229
229	229
230	229
231	229
232	229
233	229
234	229
235	229
236	229
237	229
238	229
239	229
240	229
241	229
242	229
243	229
244	229
245	229
246	229
247	229
248	229
249	229
250	229
251	229
252	229
253	229
254	229
255	229
256	229
257	229
258	229
259	229
260	229
261	229
262	229
263	229
264	229
265	229
266	229
267	229
268	229
269	229
270	229
271	229
272	229
273	229
274	229
275	229
276	229
277	229
278	229
279	229
280	229
281	229
282	229
283	229
284	229
285	229
286	229
287	229
288	229
289	229
290	229
291	229
292	229
293	229
294	229
295	229
296	229
297	229
298	229
299	229
300	229
301	229
302	229
303	229
304	229
305	229
306	229
307	229
308	229
309	229
310	229
311	229
312	229
313	229
314	229
315	229
316	229
317	229
318	229
319	229
324	229
325	229
326	229
327	229
338	229
339	229
340	229
341	229
342	229
343	229
344	229
350	229
351	229
352	229
353	229
354	229
360	229
361	229
362	229
363	229
364	229
365	229
366	229
384	229
385	229
386	229
387	229
388	229
389	229
390	229
391	229
392	229
393	229
394	229
4	230
5	230
6	230
7	230
8	230
9	230
10	230
11	230
12	230
13	230
14	230
15	230
16	230
17	230
18	230
19	230
20	230
21	230
22	230
23	230
24	230
25	230
26	230
27	230
28	230
29	230
30	230
31	230
32	230
33	230
34	230
35	230
36	230
37	230
38	230
39	230
40	230
41	230
42	230
43	230
44	230
45	230
46	230
47	230
48	230
49	230
50	230
51	230
52	230
53	230
54	230
55	230
56	230
57	230
58	230
59	230
60	230
61	230
62	230
63	230
64	230
65	230
66	230
67	230
68	230
69	230
70	230
71	230
72	230
73	230
74	230
75	230
76	230
77	230
78	230
79	230
80	230
81	230
82	230
83	230
84	230
90	230
91	230
92	230
93	230
94	230
95	230
96	230
97	230
130	230
131	230
132	230
133	230
134	230
135	230
136	230
137	230
138	230
139	230
140	230
141	230
142	230
143	230
144	230
145	230
146	230
147	230
316	230
317	230
318	230
319	230
320	230
321	230
322	230
323	230
324	230
325	230
326	230
327	230
328	230
329	230
330	230
331	230
332	230
333	230
334	230
335	230
336	230
337	230
338	230
339	230
340	230
341	230
342	230
343	230
344	230
345	230
346	230
347	230
348	230
349	230
350	230
351	230
352	230
353	230
354	230
355	230
356	230
357	230
358	230
359	230
360	230
361	230
362	230
363	230
364	230
365	230
366	230
367	230
368	230
369	230
370	230
371	230
372	230
373	230
374	230
375	230
376	230
377	230
378	230
379	230
380	230
381	230
382	230
383	230
384	230
385	230
386	230
387	230
388	230
389	230
390	230
4	231
5	231
6	231
7	231
8	231
9	231
10	231
11	231
12	231
13	231
14	231
15	231
16	231
17	231
18	231
19	231
20	231
21	231
22	231
23	231
24	231
25	231
26	231
27	231
28	231
29	231
30	231
31	231
32	231
33	231
34	231
35	231
36	231
37	231
38	231
39	231
40	231
41	231
42	231
43	231
44	231
45	231
46	231
47	231
48	231
49	231
50	231
51	231
52	231
53	231
54	231
55	231
56	231
57	231
58	231
59	231
60	231
61	231
62	231
63	231
64	231
65	231
66	231
67	231
68	231
69	231
70	231
71	231
72	231
73	231
74	231
75	231
76	231
77	231
78	231
79	231
80	231
81	231
82	231
83	231
84	231
90	231
91	231
92	231
93	231
94	231
95	231
96	231
97	231
130	231
131	231
132	231
133	231
134	231
135	231
136	231
137	231
138	231
139	231
140	231
141	231
142	231
143	231
144	231
145	231
146	231
147	231
316	231
317	231
318	231
319	231
320	231
321	231
322	231
323	231
324	231
325	231
326	231
327	231
328	231
329	231
330	231
331	231
332	231
333	231
334	231
335	231
336	231
337	231
338	231
339	231
340	231
341	231
342	231
343	231
344	231
345	231
346	231
347	231
348	231
349	231
350	231
351	231
352	231
353	231
354	231
355	231
356	231
357	231
358	231
359	231
360	231
361	231
362	231
363	231
364	231
365	231
366	231
367	231
368	231
369	231
370	231
371	231
372	231
373	231
374	231
375	231
376	231
377	231
378	231
379	231
380	231
381	231
382	231
383	231
384	231
385	231
386	231
387	231
388	231
389	231
390	231
4	232
5	232
6	232
7	232
8	232
9	232
10	232
11	232
12	232
21	232
22	232
23	232
24	232
25	232
43	232
44	232
45	232
46	232
47	232
48	232
57	232
58	232
59	232
60	232
61	232
68	232
69	232
70	232
71	232
72	232
73	232
74	232
79	232
80	232
81	232
319	232
320	232
321	232
322	232
323	232
324	232
326	232
327	232
328	232
329	232
330	232
331	232
332	232
333	232
334	232
335	232
336	232
337	232
338	232
344	232
345	232
346	232
347	232
348	232
349	232
350	232
354	232
355	232
356	232
357	232
358	232
359	232
360	232
366	232
367	232
368	232
369	232
370	232
371	232
372	232
373	232
374	232
375	232
376	232
377	232
378	232
379	232
380	232
381	232
382	232
383	232
384	232
