34	2
35	2
36	2
37	2
34	3
35	3
36	3
37	3
31	4
32	4
33	4
34	4
35	4
36	4
37	4
38	4
39	4
31	5
32	5
33	5
34	5
35	5
36	5
37	5
38	5
39	5
31	6
32	6
33	6
34	6
35	6
36	6
37	6
38	6
39	6
31	7
32	7
33	7
34	7
37	7
38	7
39	7
40	7
41	7
42	7
43	7
44	7
45	7
46	7
47	7
48	7
23	8
24	8
25	8
26	8
27	8
28	8
31	8
32	8
33	8
34	8
38	8
39	8
40	8
41	8
42	8
43	8
44	8
45	8
46	8
47	8
48	8
49	8
50	8
51	8
52	8
53	8
54	8
55	8
56	8
57	8
58	8
59	8
60	8
61	8
62	8
63	8
64	8
65	8
66	8
67	8
68	8
69	8
70	8
71	8
72	8
73	8
74	8
75	8
76	8
77	8
78	8
79	8
80	8
81	8
82	8
83	8
84	8
85	8
86	8
87	8
88	8
89	8
90	8
91	8
92	8
93	8
94	8
95	8
96	8
97	8
98	8
99	8
100	8
101	8
102	8
103	8
104	8
105	8
106	8
107	8
108	8
109	8
110	8
111	8
112	8
113	8
114	8
115	8
116	8
117	8
118	8
119	8
120	8
121	8
122	8
123	8
124	8
125	8
126	8
127	8
128	8
129	8
130	8
131	8
132	8
133	8
134	8
135	8
136	8
137	8
138	8
139	8
140	8
141	8
142	8
143	8
144	8
145	8
23	9
24	9
25	9
26	9
27	9
28	9
31	9
32	9
33	9
34	9
38	9
39	9
40	9
41	9
42	9
43	9
44	9
45	9
46	9
47	9
48	9
49	9
50	9
51	9
52	9
53	9
54	9
55	9
56	9
57	9
58	9
59	9
60	9
61	9
62	9
63	9
64	9
65	9
66	9
67	9
68	9
69	9
70	9
71	9
72	9
73	9
74	9
75	9
76	9
77	9
78	9
79	9
80	9
81	9
82	9
83	9
84	9
85	9
86	9
87	9
88	9
89	9
90	9
91	9
92	9
93	9
94	9
95	9
96	9
97	9
98	9
99	9
100	9
101	9
102	9
103	9
104	9
105	9
106	9
107	9
108	9
109	9
110	9
111	9
112	9
113	9
114	9
115	9
116	9
117	9
118	9
119	9
120	9
121	9
122	9
123	9
124	9
125	9
126	9
127	9
128	9
129	9
130	9
131	9
132	9
133	9
134	9
135	9
136	9
137	9
138	9
139	9
140	9
141	9
142	9
143	9
144	9
145	9
23	10
24	10
25	10
26	10
27	10
28	10
29	10
30	10
35	10
36	10
37	10
38	10
39	10
40	10
47	10
48	10
49	10
50	10
51	10
52	10
53	10
54	10
55	10
56	10
57	10
58	10
59	10
60	10
61	10
62	10
63	10
64	10
65	10
66	10
67	10
68	10
69	10
70	10
71	10
72	10
73	10
74	10
75	10
76	10
77	10
78	10
79	10
80	10
81	10
82	10
83	10
84	10
85	10
86	10
87	10
88	10
89	10
90	10
91	10
92	10
93	10
94	10
95	10
96	10
97	10
98	10
99	10
100	10
101	10
102	10
103	10
104	10
105	10
106	10
107	10
108	10
109	10
110	10
111	10
112	10
113	10
114	10
115	10
116	10
117	10
118	10
119	10
120	10
121	10
122	10
123	10
124	10
125	10
126	10
127	10
128	10
129	10
130	10
131	10
132	10
133	10
134	10
135	10
136	10
137	10
138	10
139	10
140	10
141	10
142	10
143	10
144	10
145	10
146	10
147	10
148	10
23	11
24	11
25	11
28	11
29	11
30	11
31	11
32	11
33	11
34	11
35	11
36	11
37	11
38	11
39	11
143	11
144	11
145	11
146	11
147	11
148	11
149	11
23	12
24	12
25	12
28	12
29	12
30	12
31	12
32	12
33	12
34	12
35	12
36	12
37	12
38	12
39	12
143	12
144	12
145	12
146	12
147	12
148	12
149	12
23	13
24	13
25	13
26	13
27	13
28	13
29	13
30	13
31	13
32	13
33	13
34	13
35	13
36	13
37	13
146	13
147	13
148	13
149	13
150	13
151	13
23	14
24	14
25	14
26	14
27	14
28	14
29	14
30	14
147	14
148	14
149	14
150	14
151	14
152	14
23	15
24	15
25	15
26	15
27	15
28	15
29	15
30	15
147	15
148	15
149	15
150	15
151	15
152	15
16	16
17	16
18	16
19	16
20	16
21	16
26	16
27	16
28	16
32	16
33	16
34	16
35	16
36	16
37	16
38	16
39	16
40	16
41	16
42	16
43	16
44	16
45	16
46	16
47	16
48	16
49	16
50	16
51	16
52	16
53	16
54	16
61	16
62	16
63	16
64	16
65	16
66	16
67	16
68	16
69	16
70	16
71	16
72	16
73	16
74	16
75	16
76	16
77	16
78	16
79	16
80	16
81	16
82	16
83	16
84	16
85	16
86	16
87	16
88	16
89	16
90	16
91	16
92	16
93	16
94	16
95	16
96	16
97	16
149	16
150	16
151	16
152	16
153	16
154	16
14	17
15	17
16	17
17	17
18	17
19	17
20	17
21	17
25	17
26	17
27	17
28	17
31	17
32	17
33	17
34	17
35	17
36	17
37	17
38	17
39	17
40	17
41	17
42	17
43	17
44	17
45	17
46	17
47	17
48	17
49	17
50	17
51	17
52	17
53	17
54	17
61	17
62	17
63	17
64	17
65	17
66	17
67	17
68	17
69	17
70	17
71	17
72	17
73	17
74	17
75	17
76	17
77	17
78	17
79	17
80	17
81	17
82	17
83	17
84	17
85	17
86	17
87	17
88	17
89	17
90	17
91	17
92	17
93	17
94	17
95	17
96	17
97	17
98	17
99	17
100	17
150	17
151	17
152	17
153	17
154	17
155	17
14	18
15	18
16	18
17	18
18	18
19	18
20	18
21	18
25	18
26	18
27	18
28	18
31	18
32	18
33	18
34	18
35	18
36	18
37	18
38	18
39	18
40	18
41	18
42	18
43	18
44	18
45	18
46	18
47	18
48	18
49	18
50	18
51	18
52	18
53	18
54	18
61	18
62	18
63	18
64	18
65	18
66	18
67	18
68	18
69	18
70	18
71	18
72	18
73	18
74	18
75	18
76	18
77	18
78	18
79	18
80	18
81	18
82	18
83	18
84	18
85	18
86	18
87	18
88	18
89	18
90	18
91	18
92	18
93	18
94	18
95	18
96	18
97	18
98	18
99	18
100	18
150	18
151	18
152	18
153	18
154	18
155	18
13	19
14	19
15	19
16	19
17	19
18	19
19	19
20	19
21	19
25	19
26	19
27	19
31	19
32	19
33	19
34	19
97	19
98	19
99	19
100	19
101	19
102	19
103	19
152	19
153	19
154	19
155	19
156	19
157	19
11	20
12	20
13	20
14	20
15	20
16	20
19	20
20	20
21	20
23	20
24	20
25	20
26	20
27	20
31	20
32	20
33	20
34	20
35	20
36	20
37	20
38	20
39	20
64	20
65	20
66	20
67	20
68	20
69	20
70	20
98	20
99	20
100	20
101	20
102	20
103	20
104	20
105	20
106	20
107	20
108	20
109	20
153	20
154	20
155	20
156	20
157	20
158	20
11	21
12	21
13	21
14	21
15	21
16	21
19	21
20	21
21	21
23	21
24	21
25	21
26	21
27	21
31	21
32	21
33	21
34	21
35	21
36	21
37	21
38	21
39	21
64	21
65	21
66	21
67	21
68	21
69	21
70	21
98	21
99	21
100	21
101	21
102	21
103	21
104	21
105	21
106	21
107	21
108	21
109	21
153	21
154	21
155	21
156	21
157	21
158	21
11	22
12	22
13	22
14	22
15	22
17	22
18	22
19	22
20	22
21	22
22	22
23	22
24	22
25	22
26	22
27	22
29	22
30	22
31	22
32	22
33	22
34	22
35	22
36	22
37	22
38	22
39	22
61	22
62	22
63	22
64	22
65	22
66	22
67	22
68	22
69	22
70	22
102	22
103	22
104	22
105	22
106	22
107	22
108	22
109	22
110	22
111	22
112	22
113	22
155	22
156	22
157	22
158	22
159	22
160	22
11	23
12	23
13	23
17	23
18	23
19	23
20	23
21	23
22	23
23	23
24	23
25	23
29	23
30	23
31	23
34	23
35	23
36	23
37	23
56	23
57	23
58	23
59	23
60	23
61	23
62	23
63	23
64	23
65	23
66	23
107	23
108	23
109	23
110	23
111	23
112	23
113	23
114	23
115	23
116	23
156	23
157	23
158	23
159	23
160	23
161	23
162	23
163	23
11	24
12	24
13	24
17	24
18	24
19	24
20	24
21	24
22	24
23	24
24	24
25	24
29	24
30	24
31	24
34	24
35	24
36	24
37	24
56	24
57	24
58	24
59	24
60	24
61	24
62	24
63	24
64	24
65	24
66	24
107	24
108	24
109	24
110	24
111	24
112	24
113	24
114	24
115	24
116	24
156	24
157	24
158	24
159	24
160	24
161	24
162	24
163	24
11	25
12	25
13	25
14	25
15	25
16	25
17	25
18	25
19	25
20	25
21	25
22	25
23	25
24	25
29	25
30	25
31	25
53	25
54	25
55	25
56	25
57	25
58	25
59	25
60	25
61	25
71	25
72	25
73	25
74	25
75	25
76	25
77	25
78	25
79	25
80	25
81	25
82	25
83	25
84	25
85	25
86	25
87	25
88	25
89	25
90	25
91	25
92	25
93	25
94	25
95	25
96	25
97	25
98	25
99	25
100	25
101	25
111	25
112	25
113	25
114	25
115	25
116	25
117	25
118	25
119	25
120	25
121	25
158	25
159	25
160	25
161	25
162	25
163	25
164	25
11	26
12	26
13	26
14	26
15	26
16	26
17	26
18	26
19	26
20	26
21	26
22	26
29	26
30	26
31	26
52	26
53	26
54	26
55	26
56	26
57	26
67	26
68	26
69	26
70	26
71	26
72	26
73	26
74	26
75	26
76	26
77	26
78	26
79	26
80	26
81	26
82	26
83	26
84	26
85	26
86	26
87	26
88	26
89	26
90	26
91	26
92	26
93	26
94	26
95	26
96	26
97	26
98	26
99	26
100	26
101	26
102	26
103	26
104	26
105	26
106	26
107	26
111	26
112	26
113	26
116	26
117	26
118	26
119	26
120	26
121	26
122	26
123	26
124	26
161	26
162	26
163	26
164	26
165	26
166	26
11	27
12	27
13	27
14	27
15	27
16	27
17	27
18	27
19	27
20	27
21	27
22	27
29	27
30	27
31	27
52	27
53	27
54	27
55	27
56	27
57	27
67	27
68	27
69	27
70	27
71	27
72	27
73	27
74	27
75	27
76	27
77	27
78	27
79	27
80	27
81	27
82	27
83	27
84	27
85	27
86	27
87	27
88	27
89	27
90	27
91	27
92	27
93	27
94	27
95	27
96	27
97	27
98	27
99	27
100	27
101	27
102	27
103	27
104	27
105	27
106	27
107	27
111	27
112	27
113	27
116	27
117	27
118	27
119	27
120	27
121	27
122	27
123	27
124	27
161	27
162	27
163	27
164	27
165	27
166	27
16	28
17	28
18	28
19	28
20	28
21	28
23	28
24	28
25	28
26	28
27	28
28	28
49	28
50	28
51	28
52	28
53	28
54	28
55	28
61	28
62	28
63	28
64	28
65	28
66	28
67	28
68	28
69	28
70	28
71	28
72	28
101	28
102	28
103	28
104	28
105	28
106	28
107	28
108	28
109	28
110	28
111	28
112	28
119	28
120	28
121	28
122	28
123	28
124	28
125	28
126	28
127	28
162	28
163	28
164	28
165	28
166	28
167	28
14	29
15	29
16	29
17	29
18	29
19	29
22	29
23	29
24	29
25	29
26	29
27	29
28	29
46	29
47	29
48	29
49	29
50	29
51	29
52	29
53	29
54	29
58	29
59	29
60	29
61	29
62	29
63	29
64	29
65	29
66	29
67	29
107	29
108	29
109	29
110	29
111	29
112	29
113	29
114	29
115	29
116	29
122	29
123	29
124	29
125	29
126	29
127	29
128	29
129	29
130	29
164	29
165	29
166	29
167	29
168	29
169	29
170	29
14	30
15	30
16	30
17	30
18	30
19	30
22	30
23	30
24	30
25	30
26	30
27	30
28	30
46	30
47	30
48	30
49	30
50	30
51	30
52	30
53	30
54	30
58	30
59	30
60	30
61	30
62	30
63	30
64	30
65	30
66	30
67	30
107	30
108	30
109	30
110	30
111	30
112	30
113	30
114	30
115	30
116	30
122	30
123	30
124	30
125	30
126	30
127	30
128	30
129	30
130	30
164	30
165	30
166	30
167	30
168	30
169	30
170	30
13	31
14	31
15	31
16	31
17	31
18	31
22	31
23	31
24	31
26	31
27	31
28	31
43	31
44	31
45	31
46	31
47	31
48	31
49	31
50	31
51	31
55	31
56	31
57	31
58	31
59	31
60	31
61	31
62	31
63	31
110	31
111	31
112	31
113	31
114	31
115	31
116	31
117	31
118	31
119	31
125	31
126	31
127	31
128	31
129	31
130	31
131	31
132	31
133	31
165	31
166	31
167	31
168	31
169	31
170	31
171	31
172	31
7	32
8	32
9	32
10	32
11	32
12	32
13	32
14	32
15	32
16	32
22	32
23	32
24	32
25	32
26	32
27	32
41	32
42	32
43	32
44	32
45	32
46	32
52	32
53	32
54	32
55	32
56	32
57	32
58	32
116	32
117	32
118	32
119	32
120	32
121	32
122	32
128	32
129	32
130	32
131	32
132	32
133	32
134	32
168	32
169	32
170	32
171	32
172	32
173	32
174	32
175	32
7	33
8	33
9	33
10	33
11	33
12	33
13	33
14	33
15	33
16	33
22	33
23	33
24	33
25	33
26	33
27	33
41	33
42	33
43	33
44	33
45	33
46	33
52	33
53	33
54	33
55	33
56	33
57	33
58	33
116	33
117	33
118	33
119	33
120	33
121	33
122	33
128	33
129	33
130	33
131	33
132	33
133	33
134	33
168	33
169	33
170	33
171	33
172	33
173	33
174	33
175	33
7	34
8	34
9	34
10	34
11	34
12	34
13	34
14	34
15	34
22	34
23	34
24	34
25	34
26	34
27	34
40	34
41	34
42	34
43	34
44	34
45	34
47	34
48	34
49	34
50	34
51	34
52	34
53	34
54	34
55	34
56	34
57	34
117	34
118	34
119	34
120	34
121	34
122	34
123	34
124	34
125	34
126	34
127	34
131	34
132	34
133	34
134	34
135	34
136	34
170	34
171	34
172	34
173	34
174	34
175	34
176	34
5	35
6	35
7	35
8	35
9	35
17	35
18	35
19	35
23	35
24	35
25	35
37	35
38	35
39	35
40	35
41	35
42	35
43	35
46	35
47	35
48	35
49	35
50	35
51	35
52	35
120	35
121	35
122	35
123	35
124	35
125	35
126	35
127	35
128	35
132	35
133	35
134	35
135	35
136	35
173	35
174	35
175	35
176	35
177	35
178	35
5	36
6	36
7	36
8	36
9	36
17	36
18	36
19	36
23	36
24	36
25	36
37	36
38	36
39	36
40	36
41	36
42	36
43	36
46	36
47	36
48	36
49	36
50	36
51	36
52	36
120	36
121	36
122	36
123	36
124	36
125	36
126	36
127	36
128	36
132	36
133	36
134	36
135	36
136	36
173	36
174	36
175	36
176	36
177	36
178	36
5	37
6	37
7	37
8	37
9	37
14	37
15	37
16	37
17	37
18	37
19	37
35	37
36	37
37	37
38	37
39	37
40	37
41	37
42	37
44	37
45	37
46	37
47	37
48	37
49	37
125	37
126	37
127	37
128	37
129	37
130	37
134	37
135	37
136	37
137	37
174	37
175	37
176	37
177	37
178	37
179	37
5	38
6	38
7	38
13	38
14	38
15	38
16	38
17	38
18	38
34	38
35	38
36	38
37	38
38	38
39	38
41	38
42	38
43	38
44	38
45	38
46	38
47	38
48	38
126	38
127	38
128	38
129	38
130	38
134	38
135	38
136	38
137	38
176	38
177	38
178	38
179	38
180	38
181	38
5	39
6	39
7	39
13	39
14	39
15	39
16	39
17	39
18	39
34	39
35	39
36	39
37	39
38	39
39	39
41	39
42	39
43	39
44	39
45	39
46	39
47	39
48	39
126	39
127	39
128	39
129	39
130	39
134	39
135	39
136	39
137	39
176	39
177	39
178	39
179	39
180	39
181	39
5	40
6	40
7	40
13	40
14	40
15	40
16	40
34	40
35	40
36	40
37	40
40	40
41	40
42	40
43	40
44	40
45	40
46	40
128	40
129	40
130	40
131	40
135	40
136	40
137	40
177	40
178	40
179	40
180	40
181	40
5	41
6	41
7	41
13	41
14	41
15	41
32	41
33	41
34	41
35	41
36	41
38	41
39	41
40	41
41	41
42	41
43	41
129	41
130	41
131	41
135	41
136	41
137	41
138	41
139	41
179	41
180	41
181	41
5	42
6	42
7	42
13	42
14	42
15	42
32	42
33	42
34	42
35	42
36	42
38	42
39	42
40	42
41	42
42	42
43	42
129	42
130	42
131	42
135	42
136	42
137	42
138	42
139	42
179	42
180	42
181	42
5	43
6	43
7	43
13	43
14	43
15	43
31	43
32	43
33	43
34	43
35	43
36	43
37	43
38	43
39	43
40	43
41	43
42	43
129	43
130	43
131	43
137	43
138	43
139	43
179	43
180	43
181	43
5	44
6	44
7	44
13	44
14	44
15	44
29	44
30	44
31	44
32	44
33	44
34	44
37	44
38	44
39	44
40	44
129	44
130	44
131	44
137	44
138	44
139	44
179	44
180	44
181	44
5	45
6	45
7	45
13	45
14	45
15	45
29	45
30	45
31	45
32	45
33	45
34	45
37	45
38	45
39	45
40	45
129	45
130	45
131	45
137	45
138	45
139	45
179	45
180	45
181	45
5	46
6	46
7	46
13	46
14	46
15	46
28	46
29	46
30	46
31	46
32	46
33	46
35	46
36	46
37	46
38	46
39	46
129	46
130	46
131	46
137	46
138	46
139	46
179	46
180	46
181	46
5	47
6	47
7	47
13	47
14	47
15	47
26	47
27	47
28	47
29	47
30	47
31	47
34	47
35	47
36	47
37	47
38	47
39	47
129	47
130	47
131	47
132	47
133	47
137	47
138	47
139	47
140	47
179	47
180	47
181	47
5	48
6	48
7	48
13	48
14	48
15	48
26	48
27	48
28	48
29	48
30	48
31	48
34	48
35	48
36	48
37	48
38	48
39	48
129	48
130	48
131	48
132	48
133	48
137	48
138	48
139	48
140	48
179	48
180	48
181	48
5	49
6	49
7	49
13	49
14	49
15	49
25	49
26	49
27	49
28	49
29	49
30	49
32	49
33	49
34	49
35	49
36	49
37	49
131	49
132	49
133	49
137	49
138	49
139	49
140	49
173	49
174	49
175	49
179	49
180	49
181	49
182	49
5	50
6	50
7	50
13	50
14	50
15	50
25	50
26	50
27	50
28	50
31	50
32	50
33	50
34	50
35	50
36	50
80	50
81	50
82	50
83	50
84	50
85	50
86	50
87	50
88	50
89	50
90	50
91	50
92	50
93	50
94	50
95	50
131	50
132	50
133	50
137	50
138	50
139	50
171	50
172	50
173	50
174	50
175	50
180	50
181	50
182	50
5	51
6	51
7	51
13	51
14	51
15	51
25	51
26	51
27	51
28	51
31	51
32	51
33	51
34	51
35	51
36	51
80	51
81	51
82	51
83	51
84	51
85	51
86	51
87	51
88	51
89	51
90	51
91	51
92	51
93	51
94	51
95	51
131	51
132	51
133	51
137	51
138	51
139	51
171	51
172	51
173	51
174	51
175	51
180	51
181	51
182	51
5	52
6	52
7	52
13	52
14	52
15	52
25	52
26	52
27	52
31	52
32	52
33	52
34	52
80	52
81	52
82	52
83	52
84	52
85	52
86	52
87	52
88	52
89	52
90	52
91	52
92	52
93	52
94	52
95	52
96	52
97	52
98	52
131	52
132	52
133	52
135	52
136	52
137	52
138	52
139	52
146	52
147	52
148	52
149	52
150	52
151	52
171	52
172	52
173	52
180	52
181	52
182	52
5	53
6	53
7	53
13	53
14	53
15	53
23	53
24	53
25	53
26	53
27	53
29	53
30	53
31	53
32	53
33	53
76	53
77	53
78	53
79	53
80	53
81	53
82	53
94	53
95	53
96	53
97	53
98	53
99	53
100	53
131	53
132	53
133	53
135	53
136	53
137	53
138	53
139	53
140	53
141	53
142	53
143	53
144	53
145	53
146	53
147	53
148	53
149	53
150	53
151	53
152	53
153	53
154	53
171	53
172	53
173	53
180	53
181	53
182	53
5	54
6	54
7	54
13	54
14	54
15	54
23	54
24	54
25	54
26	54
27	54
29	54
30	54
31	54
32	54
33	54
76	54
77	54
78	54
79	54
80	54
81	54
82	54
94	54
95	54
96	54
97	54
98	54
99	54
100	54
131	54
132	54
133	54
135	54
136	54
137	54
138	54
139	54
140	54
141	54
142	54
143	54
144	54
145	54
146	54
147	54
148	54
149	54
150	54
151	54
152	54
153	54
154	54
171	54
172	54
173	54
180	54
181	54
182	54
5	55
6	55
7	55
13	55
14	55
15	55
22	55
23	55
24	55
25	55
28	55
29	55
30	55
31	55
32	55
33	55
74	55
75	55
76	55
77	55
78	55
79	55
80	55
81	55
97	55
98	55
99	55
100	55
101	55
102	55
103	55
131	55
132	55
133	55
137	55
138	55
139	55
140	55
141	55
142	55
143	55
144	55
145	55
146	55
150	55
151	55
152	55
153	55
154	55
155	55
156	55
157	55
158	55
171	55
172	55
173	55
180	55
181	55
182	55
5	56
6	56
7	56
13	56
14	56
15	56
20	56
21	56
22	56
23	56
24	56
25	56
28	56
29	56
30	56
31	56
73	56
74	56
75	56
76	56
77	56
78	56
98	56
99	56
100	56
101	56
102	56
103	56
131	56
132	56
133	56
138	56
139	56
140	56
141	56
142	56
153	56
154	56
155	56
156	56
157	56
158	56
159	56
160	56
161	56
162	56
163	56
171	56
172	56
173	56
180	56
181	56
182	56
5	57
6	57
7	57
13	57
14	57
15	57
20	57
21	57
22	57
23	57
24	57
25	57
28	57
29	57
30	57
31	57
73	57
74	57
75	57
76	57
77	57
98	57
99	57
100	57
101	57
102	57
103	57
131	57
132	57
133	57
138	57
139	57
140	57
141	57
142	57
153	57
154	57
155	57
156	57
157	57
158	57
159	57
160	57
161	57
162	57
163	57
171	57
172	57
173	57
180	57
181	57
182	57
5	58
6	58
7	58
13	58
14	58
15	58
20	58
21	58
22	58
23	58
24	58
26	58
27	58
28	58
29	58
30	58
71	58
72	58
73	58
74	58
75	58
76	58
101	58
102	58
103	58
104	58
131	58
132	58
133	58
134	58
158	58
159	58
160	58
161	58
162	58
163	58
164	58
165	58
166	58
171	58
172	58
173	58
179	58
180	58
181	58
182	58
5	59
6	59
7	59
13	59
14	59
15	59
19	59
20	59
21	59
22	59
26	59
27	59
28	59
29	59
30	59
70	59
71	59
72	59
73	59
74	59
75	59
102	59
103	59
104	59
105	59
106	59
131	59
132	59
133	59
134	59
135	59
136	59
137	59
138	59
139	59
140	59
162	59
163	59
164	59
165	59
166	59
167	59
168	59
169	59
171	59
172	59
173	59
179	59
180	59
181	59
5	60
6	60
7	60
13	60
14	60
15	60
19	60
20	60
21	60
22	60
26	60
27	60
28	60
29	60
30	60
70	60
71	60
72	60
73	60
74	60
75	60
102	60
103	60
104	60
105	60
106	60
131	60
132	60
133	60
134	60
135	60
136	60
137	60
138	60
139	60
140	60
162	60
163	60
164	60
165	60
166	60
167	60
168	60
169	60
171	60
172	60
173	60
179	60
180	60
181	60
5	61
6	61
7	61
13	61
14	61
15	61
19	61
20	61
21	61
22	61
25	61
26	61
27	61
28	61
68	61
69	61
70	61
71	61
72	61
73	61
86	61
87	61
88	61
102	61
103	61
104	61
105	61
106	61
132	61
133	61
134	61
135	61
136	61
137	61
138	61
139	61
140	61
141	61
142	61
143	61
144	61
145	61
146	61
147	61
148	61
149	61
150	61
151	61
164	61
165	61
166	61
167	61
168	61
169	61
171	61
172	61
173	61
179	61
180	61
181	61
5	62
6	62
7	62
13	62
14	62
15	62
19	62
20	62
21	62
23	62
24	62
25	62
26	62
27	62
28	62
68	62
69	62
70	62
71	62
72	62
85	62
86	62
87	62
88	62
89	62
90	62
104	62
105	62
106	62
140	62
141	62
142	62
143	62
144	62
145	62
146	62
147	62
148	62
149	62
150	62
151	62
152	62
153	62
154	62
155	62
156	62
157	62
158	62
159	62
160	62
161	62
162	62
163	62
171	62
172	62
173	62
179	62
180	62
181	62
5	63
6	63
7	63
13	63
14	63
15	63
19	63
20	63
21	63
23	63
24	63
25	63
26	63
27	63
28	63
68	63
69	63
70	63
71	63
72	63
85	63
86	63
87	63
88	63
89	63
90	63
104	63
105	63
106	63
140	63
141	63
142	63
143	63
144	63
145	63
146	63
147	63
148	63
149	63
150	63
151	63
152	63
153	63
154	63
155	63
156	63
157	63
158	63
159	63
160	63
161	63
162	63
163	63
171	63
172	63
173	63
179	63
180	63
181	63
5	64
6	64
7	64
13	64
14	64
15	64
19	64
20	64
21	64
23	64
24	64
25	64
26	64
27	64
68	64
69	64
70	64
83	64
84	64
85	64
86	64
87	64
88	64
89	64
90	64
91	64
92	64
93	64
94	64
104	64
105	64
106	64
107	64
150	64
151	64
152	64
153	64
154	64
155	64
156	64
157	64
158	64
159	64
160	64
161	64
162	64
163	64
164	64
165	64
166	64
167	64
171	64
172	64
173	64
179	64
180	64
181	64
5	65
6	65
7	65
13	65
14	65
15	65
16	65
22	65
23	65
24	65
25	65
68	65
69	65
70	65
82	65
83	65
84	65
85	65
86	65
87	65
89	65
90	65
91	65
92	65
93	65
94	65
95	65
104	65
105	65
106	65
107	65
108	65
109	65
110	65
162	65
163	65
164	65
165	65
166	65
167	65
168	65
169	65
171	65
172	65
173	65
179	65
180	65
181	65
5	66
6	66
7	66
13	66
14	66
15	66
16	66
22	66
23	66
24	66
25	66
68	66
69	66
70	66
82	66
83	66
84	66
85	66
86	66
89	66
90	66
91	66
92	66
93	66
94	66
95	66
104	66
105	66
106	66
107	66
108	66
109	66
110	66
162	66
163	66
164	66
165	66
166	66
167	66
168	66
169	66
171	66
172	66
173	66
179	66
180	66
181	66
5	67
6	67
7	67
14	67
15	67
16	67
17	67
18	67
22	67
23	67
24	67
25	67
68	67
69	67
70	67
80	67
81	67
82	67
83	67
84	67
85	67
92	67
93	67
94	67
95	67
96	67
97	67
105	67
106	67
107	67
108	67
109	67
110	67
165	67
166	67
167	67
168	67
169	67
171	67
172	67
173	67
179	67
180	67
181	67
5	68
6	68
7	68
16	68
17	68
18	68
22	68
23	68
24	68
68	68
69	68
70	68
77	68
78	68
79	68
80	68
81	68
82	68
83	68
84	68
94	68
95	68
96	68
97	68
98	68
99	68
100	68
107	68
108	68
109	68
167	68
168	68
169	68
171	68
172	68
173	68
179	68
180	68
181	68
5	69
6	69
7	69
16	69
17	69
18	69
22	69
23	69
24	69
68	69
69	69
70	69
77	69
78	69
79	69
80	69
81	69
82	69
83	69
94	69
95	69
96	69
97	69
98	69
99	69
100	69
107	69
108	69
109	69
167	69
168	69
169	69
171	69
172	69
173	69
179	69
180	69
181	69
5	70
6	70
7	70
14	70
15	70
16	70
17	70
18	70
22	70
23	70
24	70
68	70
69	70
70	70
71	70
72	70
73	70
74	70
75	70
76	70
77	70
78	70
79	70
80	70
81	70
82	70
95	70
96	70
97	70
98	70
99	70
100	70
101	70
102	70
103	70
104	70
105	70
106	70
107	70
108	70
109	70
167	70
168	70
169	70
171	70
172	70
173	70
174	70
175	70
179	70
180	70
181	70
5	71
6	71
7	71
14	71
15	71
16	71
17	71
18	71
20	71
21	71
22	71
23	71
24	71
68	71
69	71
70	71
71	71
72	71
73	71
74	71
75	71
76	71
77	71
78	71
79	71
98	71
99	71
100	71
101	71
102	71
103	71
104	71
105	71
106	71
107	71
108	71
109	71
167	71
168	71
169	71
171	71
172	71
173	71
174	71
175	71
179	71
180	71
181	71
5	72
6	72
7	72
14	72
15	72
16	72
17	72
18	72
20	72
21	72
22	72
23	72
24	72
68	72
69	72
70	72
71	72
72	72
73	72
74	72
75	72
76	72
77	72
78	72
79	72
98	72
99	72
100	72
101	72
102	72
103	72
104	72
105	72
106	72
107	72
108	72
109	72
167	72
168	72
169	72
171	72
172	72
173	72
174	72
175	72
179	72
180	72
181	72
5	73
6	73
7	73
14	73
15	73
16	73
20	73
21	73
22	73
67	73
68	73
69	73
70	73
71	73
72	73
74	73
75	73
76	73
107	73
108	73
109	73
167	73
168	73
169	73
171	73
172	73
173	73
174	73
175	73
179	73
180	73
181	73
5	74
6	74
7	74
13	74
14	74
15	74
16	74
20	74
21	74
22	74
67	74
68	74
69	74
70	74
71	74
72	74
74	74
75	74
76	74
77	74
78	74
79	74
80	74
81	74
82	74
83	74
84	74
85	74
86	74
87	74
88	74
89	74
90	74
91	74
92	74
93	74
94	74
95	74
96	74
97	74
98	74
99	74
100	74
105	74
106	74
107	74
108	74
109	74
167	74
168	74
169	74
173	74
174	74
175	74
179	74
180	74
181	74
5	75
6	75
7	75
13	75
14	75
15	75
16	75
20	75
21	75
22	75
67	75
68	75
69	75
70	75
71	75
72	75
74	75
75	75
76	75
77	75
78	75
79	75
80	75
81	75
82	75
83	75
84	75
85	75
86	75
87	75
88	75
89	75
90	75
91	75
92	75
93	75
94	75
95	75
96	75
97	75
98	75
99	75
100	75
105	75
106	75
107	75
108	75
109	75
167	75
168	75
169	75
173	75
174	75
175	75
179	75
180	75
181	75
5	76
6	76
7	76
13	76
14	76
15	76
20	76
21	76
22	76
67	76
68	76
69	76
70	76
71	76
72	76
74	76
75	76
76	76
77	76
78	76
79	76
80	76
81	76
82	76
83	76
84	76
85	76
86	76
87	76
88	76
89	76
90	76
91	76
92	76
93	76
94	76
95	76
96	76
97	76
98	76
99	76
100	76
101	76
102	76
103	76
104	76
105	76
106	76
107	76
108	76
109	76
167	76
168	76
169	76
170	76
173	76
174	76
175	76
179	76
180	76
181	76
5	77
6	77
7	77
13	77
14	77
15	77
20	77
21	77
22	77
65	77
66	77
67	77
68	77
69	77
70	77
71	77
72	77
99	77
100	77
101	77
102	77
103	77
104	77
105	77
106	77
107	77
108	77
109	77
110	77
168	77
169	77
170	77
173	77
174	77
175	77
179	77
180	77
181	77
5	78
6	78
7	78
13	78
14	78
15	78
20	78
21	78
22	78
65	78
66	78
67	78
68	78
69	78
70	78
71	78
100	78
101	78
102	78
103	78
104	78
105	78
106	78
107	78
108	78
109	78
110	78
168	78
169	78
170	78
173	78
174	78
175	78
179	78
180	78
181	78
5	79
6	79
7	79
13	79
14	79
15	79
19	79
20	79
21	79
22	79
65	79
66	79
67	79
68	79
69	79
107	79
108	79
109	79
110	79
168	79
169	79
170	79
173	79
174	79
175	79
179	79
180	79
181	79
5	80
6	80
7	80
13	80
14	80
15	80
19	80
20	80
21	80
65	80
66	80
67	80
73	80
74	80
75	80
76	80
77	80
78	80
79	80
80	80
81	80
82	80
83	80
84	80
85	80
86	80
87	80
88	80
89	80
90	80
91	80
92	80
93	80
94	80
95	80
96	80
97	80
98	80
99	80
100	80
101	80
102	80
103	80
104	80
108	80
109	80
110	80
168	80
169	80
170	80
173	80
174	80
175	80
179	80
180	80
181	80
5	81
6	81
7	81
13	81
14	81
15	81
19	81
20	81
21	81
65	81
66	81
67	81
73	81
74	81
75	81
76	81
77	81
78	81
79	81
80	81
81	81
82	81
83	81
84	81
85	81
86	81
87	81
88	81
89	81
90	81
91	81
92	81
93	81
94	81
95	81
96	81
97	81
98	81
99	81
100	81
101	81
102	81
103	81
104	81
108	81
109	81
110	81
168	81
169	81
170	81
173	81
174	81
175	81
179	81
180	81
181	81
5	82
6	82
7	82
13	82
14	82
15	82
19	82
20	82
21	82
64	82
65	82
66	82
67	82
71	82
72	82
73	82
74	82
75	82
76	82
77	82
78	82
79	82
80	82
81	82
82	82
83	82
84	82
85	82
86	82
87	82
88	82
89	82
90	82
91	82
92	82
93	82
94	82
95	82
96	82
97	82
98	82
99	82
100	82
101	82
102	82
103	82
104	82
108	82
109	82
110	82
168	82
169	82
170	82
173	82
174	82
175	82
179	82
180	82
181	82
5	83
6	83
7	83
13	83
14	83
15	83
19	83
20	83
21	83
64	83
65	83
66	83
71	83
72	83
73	83
74	83
75	83
102	83
103	83
104	83
108	83
109	83
110	83
168	83
169	83
170	83
173	83
174	83
175	83
179	83
180	83
181	83
5	84
6	84
7	84
13	84
14	84
15	84
19	84
20	84
21	84
64	84
65	84
66	84
71	84
72	84
73	84
74	84
102	84
103	84
104	84
108	84
109	84
110	84
168	84
169	84
170	84
173	84
174	84
175	84
179	84
180	84
181	84
5	85
6	85
7	85
13	85
14	85
15	85
19	85
20	85
21	85
64	85
65	85
66	85
71	85
72	85
73	85
102	85
103	85
104	85
105	85
106	85
108	85
109	85
110	85
168	85
169	85
170	85
173	85
174	85
175	85
179	85
180	85
181	85
5	86
6	86
7	86
13	86
14	86
15	86
19	86
20	86
21	86
64	86
65	86
66	86
70	86
71	86
72	86
73	86
104	86
105	86
106	86
108	86
109	86
110	86
168	86
169	86
170	86
173	86
174	86
175	86
179	86
180	86
181	86
5	87
6	87
7	87
13	87
14	87
15	87
19	87
20	87
21	87
64	87
65	87
66	87
70	87
71	87
72	87
73	87
104	87
105	87
106	87
108	87
109	87
110	87
168	87
169	87
170	87
173	87
174	87
175	87
179	87
180	87
181	87
5	88
6	88
7	88
13	88
14	88
15	88
19	88
20	88
21	88
64	88
65	88
66	88
70	88
71	88
72	88
104	88
105	88
106	88
108	88
109	88
110	88
168	88
169	88
170	88
179	88
180	88
181	88
5	89
6	89
7	89
13	89
14	89
15	89
19	89
20	89
21	89
64	89
65	89
66	89
70	89
71	89
72	89
104	89
105	89
106	89
108	89
109	89
110	89
168	89
169	89
170	89
179	89
180	89
181	89
5	90
6	90
7	90
13	90
14	90
15	90
19	90
20	90
21	90
64	90
65	90
66	90
70	90
71	90
72	90
104	90
105	90
106	90
108	90
109	90
110	90
168	90
169	90
170	90
179	90
180	90
181	90
5	91
6	91
7	91
13	91
14	91
15	91
19	91
20	91
21	91
64	91
65	91
66	91
70	91
71	91
72	91
104	91
105	91
106	91
108	91
109	91
110	91
168	91
169	91
170	91
179	91
180	91
181	91
5	92
6	92
7	92
13	92
14	92
15	92
19	92
20	92
21	92
64	92
65	92
66	92
70	92
71	92
72	92
104	92
105	92
106	92
108	92
109	92
110	92
168	92
169	92
170	92
179	92
180	92
181	92
5	93
6	93
7	93
13	93
14	93
15	93
19	93
20	93
21	93
64	93
65	93
66	93
70	93
71	93
72	93
104	93
105	93
106	93
108	93
109	93
110	93
168	93
169	93
170	93
179	93
180	93
181	93
5	94
6	94
7	94
13	94
14	94
15	94
19	94
20	94
21	94
64	94
65	94
66	94
70	94
71	94
72	94
104	94
105	94
106	94
108	94
109	94
110	94
168	94
169	94
170	94
179	94
180	94
181	94
5	95
6	95
7	95
13	95
14	95
15	95
19	95
20	95
21	95
64	95
65	95
66	95
70	95
71	95
72	95
104	95
105	95
106	95
108	95
109	95
110	95
168	95
169	95
170	95
179	95
180	95
181	95
5	96
6	96
7	96
13	96
14	96
15	96
19	96
20	96
21	96
64	96
65	96
66	96
70	96
71	96
72	96
104	96
105	96
106	96
108	96
109	96
110	96
168	96
169	96
170	96
179	96
180	96
181	96
5	97
6	97
7	97
13	97
14	97
15	97
19	97
20	97
21	97
64	97
65	97
66	97
70	97
71	97
72	97
104	97
105	97
106	97
108	97
109	97
110	97
168	97
169	97
170	97
179	97
180	97
181	97
5	98
6	98
7	98
13	98
14	98
15	98
19	98
20	98
21	98
22	98
64	98
65	98
66	98
70	98
71	98
72	98
104	98
105	98
106	98
108	98
109	98
110	98
168	98
169	98
170	98
179	98
180	98
181	98
5	99
6	99
7	99
13	99
14	99
15	99
20	99
21	99
22	99
64	99
65	99
66	99
70	99
71	99
72	99
73	99
104	99
105	99
106	99
108	99
109	99
110	99
168	99
169	99
170	99
171	99
179	99
180	99
181	99
5	100
6	100
7	100
13	100
14	100
15	100
20	100
21	100
22	100
64	100
65	100
66	100
70	100
71	100
72	100
73	100
104	100
105	100
106	100
108	100
109	100
110	100
168	100
169	100
170	100
171	100
172	100
179	100
180	100
181	100
5	101
6	101
7	101
13	101
14	101
15	101
20	101
21	101
22	101
64	101
65	101
66	101
71	101
72	101
73	101
104	101
105	101
106	101
108	101
109	101
110	101
170	101
171	101
172	101
179	101
180	101
181	101
5	102
6	102
7	102
13	102
14	102
15	102
20	102
21	102
22	102
64	102
65	102
66	102
70	102
71	102
72	102
73	102
104	102
105	102
106	102
108	102
109	102
110	102
170	102
171	102
172	102
179	102
180	102
181	102
5	103
6	103
7	103
13	103
14	103
15	103
20	103
21	103
22	103
64	103
65	103
66	103
70	103
71	103
72	103
73	103
104	103
105	103
106	103
108	103
109	103
110	103
170	103
171	103
172	103
179	103
180	103
181	103
5	104
6	104
7	104
13	104
14	104
15	104
16	104
20	104
21	104
22	104
64	104
65	104
66	104
70	104
71	104
72	104
104	104
105	104
106	104
108	104
109	104
110	104
170	104
171	104
172	104
179	104
180	104
181	104
5	105
6	105
7	105
14	105
15	105
16	105
20	105
21	105
22	105
23	105
24	105
64	105
65	105
66	105
70	105
71	105
72	105
104	105
105	105
106	105
108	105
109	105
110	105
168	105
169	105
170	105
171	105
172	105
179	105
180	105
181	105
5	106
6	106
7	106
14	106
15	106
16	106
20	106
21	106
22	106
23	106
24	106
64	106
65	106
66	106
70	106
71	106
72	106
104	106
105	106
106	106
108	106
109	106
110	106
168	106
169	106
170	106
171	106
172	106
179	106
180	106
181	106
5	107
6	107
7	107
14	107
15	107
16	107
17	107
18	107
22	107
23	107
24	107
64	107
65	107
66	107
70	107
71	107
72	107
104	107
105	107
106	107
108	107
109	107
110	107
167	107
168	107
169	107
170	107
179	107
180	107
181	107
5	108
6	108
7	108
16	108
17	108
18	108
22	108
23	108
24	108
25	108
64	108
65	108
66	108
70	108
71	108
72	108
104	108
105	108
106	108
108	108
109	108
110	108
165	108
166	108
167	108
168	108
169	108
170	108
171	108
172	108
173	108
179	108
180	108
181	108
5	109
6	109
7	109
16	109
17	109
18	109
22	109
23	109
24	109
25	109
64	109
65	109
66	109
70	109
71	109
72	109
104	109
105	109
106	109
108	109
109	109
110	109
165	109
166	109
167	109
168	109
169	109
170	109
171	109
172	109
173	109
179	109
180	109
181	109
5	110
6	110
7	110
16	110
17	110
18	110
19	110
22	110
23	110
24	110
25	110
64	110
65	110
66	110
70	110
71	110
72	110
104	110
105	110
106	110
108	110
109	110
110	110
164	110
165	110
166	110
167	110
168	110
169	110
170	110
171	110
172	110
173	110
179	110
180	110
181	110
5	111
6	111
7	111
13	111
14	111
15	111
17	111
18	111
19	111
20	111
21	111
23	111
24	111
25	111
26	111
27	111
64	111
65	111
66	111
70	111
71	111
72	111
104	111
105	111
106	111
108	111
109	111
110	111
164	111
165	111
166	111
167	111
171	111
172	111
173	111
179	111
180	111
181	111
5	112
6	112
7	112
13	112
14	112
15	112
17	112
18	112
19	112
20	112
21	112
23	112
24	112
25	112
26	112
27	112
64	112
65	112
66	112
70	112
71	112
72	112
104	112
105	112
106	112
108	112
109	112
110	112
164	112
165	112
166	112
167	112
171	112
172	112
173	112
179	112
180	112
181	112
5	113
6	113
7	113
13	113
14	113
15	113
17	113
18	113
19	113
20	113
21	113
23	113
24	113
25	113
26	113
27	113
64	113
65	113
66	113
70	113
71	113
72	113
73	113
104	113
105	113
106	113
108	113
109	113
110	113
162	113
163	113
164	113
165	113
166	113
170	113
171	113
172	113
173	113
179	113
180	113
181	113
5	114
6	114
7	114
13	114
14	114
15	114
19	114
20	114
21	114
22	114
25	114
26	114
27	114
28	114
64	114
65	114
66	114
70	114
71	114
72	114
73	114
74	114
103	114
104	114
105	114
106	114
107	114
108	114
109	114
110	114
162	114
163	114
164	114
170	114
171	114
172	114
173	114
179	114
180	114
181	114
5	115
6	115
7	115
13	115
14	115
15	115
19	115
20	115
21	115
22	115
25	115
26	115
27	115
28	115
64	115
65	115
66	115
70	115
71	115
72	115
73	115
74	115
75	115
102	115
103	115
104	115
105	115
106	115
107	115
108	115
109	115
110	115
162	115
163	115
164	115
170	115
171	115
172	115
173	115
179	115
180	115
181	115
5	116
6	116
7	116
13	116
14	116
15	116
19	116
20	116
21	116
22	116
25	116
26	116
27	116
28	116
64	116
65	116
66	116
71	116
72	116
73	116
74	116
75	116
76	116
77	116
78	116
79	116
80	116
81	116
82	116
83	116
84	116
85	116
86	116
87	116
88	116
89	116
90	116
91	116
92	116
93	116
94	116
95	116
96	116
97	116
98	116
99	116
100	116
101	116
102	116
103	116
104	116
105	116
106	116
107	116
108	116
109	116
110	116
162	116
163	116
164	116
170	116
171	116
172	116
179	116
180	116
181	116
5	117
6	117
7	117
13	117
14	117
15	117
20	117
21	117
22	117
26	117
27	117
28	117
29	117
30	117
64	117
65	117
66	117
67	117
74	117
75	117
76	117
77	117
78	117
79	117
80	117
81	117
82	117
83	117
84	117
85	117
86	117
87	117
88	117
89	117
90	117
91	117
92	117
93	117
94	117
95	117
96	117
97	117
98	117
99	117
100	117
101	117
102	117
103	117
104	117
108	117
109	117
110	117
162	117
163	117
164	117
168	117
169	117
170	117
171	117
172	117
179	117
180	117
181	117
5	118
6	118
7	118
13	118
14	118
15	118
20	118
21	118
22	118
26	118
27	118
28	118
29	118
30	118
64	118
65	118
66	118
67	118
74	118
75	118
76	118
77	118
78	118
79	118
80	118
81	118
82	118
83	118
84	118
85	118
86	118
87	118
88	118
89	118
90	118
91	118
92	118
93	118
94	118
95	118
96	118
97	118
98	118
99	118
100	118
101	118
102	118
103	118
104	118
108	118
109	118
110	118
162	118
163	118
164	118
168	118
169	118
170	118
171	118
172	118
179	118
180	118
181	118
5	119
6	119
7	119
13	119
14	119
15	119
20	119
21	119
22	119
23	119
24	119
26	119
27	119
28	119
29	119
30	119
65	119
66	119
67	119
68	119
69	119
107	119
108	119
109	119
110	119
162	119
163	119
164	119
168	119
169	119
170	119
179	119
180	119
181	119
5	120
6	120
7	120
13	120
14	120
15	120
22	120
23	120
24	120
25	120
28	120
29	120
30	120
31	120
65	120
66	120
67	120
68	120
69	120
70	120
71	120
91	120
92	120
101	120
102	120
103	120
104	120
105	120
106	120
107	120
108	120
109	120
110	120
162	120
163	120
164	120
168	120
169	120
170	120
179	120
180	120
181	120
5	121
6	121
7	121
13	121
14	121
15	121
22	121
23	121
24	121
25	121
28	121
29	121
30	121
31	121
65	121
66	121
67	121
68	121
69	121
70	121
71	121
72	121
91	121
92	121
101	121
102	121
103	121
104	121
105	121
106	121
107	121
108	121
109	121
110	121
162	121
163	121
164	121
168	121
169	121
170	121
179	121
180	121
181	121
5	122
6	122
7	122
13	122
14	122
15	122
22	122
23	122
24	122
25	122
28	122
29	122
30	122
31	122
67	122
68	122
69	122
70	122
71	122
72	122
73	122
74	122
75	122
76	122
77	122
78	122
79	122
80	122
81	122
82	122
83	122
84	122
85	122
86	122
87	122
88	122
89	122
90	122
91	122
92	122
93	122
94	122
95	122
96	122
97	122
98	122
99	122
100	122
101	122
102	122
103	122
104	122
105	122
106	122
107	122
108	122
109	122
162	122
163	122
164	122
168	122
169	122
170	122
179	122
180	122
181	122
5	123
6	123
7	123
13	123
14	123
15	123
23	123
24	123
25	123
26	123
27	123
29	123
30	123
31	123
32	123
33	123
71	123
72	123
73	123
74	123
75	123
76	123
77	123
78	123
79	123
80	123
81	123
82	123
83	123
84	123
85	123
86	123
87	123
88	123
89	123
90	123
91	123
92	123
93	123
94	123
95	123
96	123
97	123
98	123
99	123
100	123
101	123
162	123
163	123
164	123
168	123
169	123
170	123
179	123
180	123
181	123
5	124
6	124
7	124
13	124
14	124
15	124
23	124
24	124
25	124
26	124
27	124
29	124
30	124
31	124
32	124
33	124
71	124
72	124
73	124
74	124
75	124
76	124
77	124
78	124
79	124
80	124
81	124
82	124
83	124
84	124
85	124
86	124
87	124
88	124
89	124
90	124
91	124
92	124
93	124
94	124
95	124
96	124
97	124
98	124
99	124
100	124
101	124
162	124
163	124
164	124
168	124
169	124
170	124
179	124
180	124
181	124
5	125
6	125
7	125
13	125
14	125
15	125
23	125
24	125
25	125
26	125
27	125
28	125
29	125
30	125
31	125
32	125
33	125
34	125
162	125
163	125
164	125
168	125
169	125
170	125
179	125
180	125
181	125
5	126
6	126
7	126
13	126
14	126
15	126
25	126
26	126
27	126
28	126
29	126
30	126
31	126
32	126
33	126
34	126
35	126
36	126
161	126
162	126
163	126
164	126
168	126
169	126
170	126
179	126
180	126
181	126
5	127
6	127
7	127
13	127
14	127
15	127
25	127
26	127
27	127
28	127
29	127
30	127
31	127
32	127
33	127
34	127
35	127
36	127
161	127
162	127
163	127
164	127
168	127
169	127
170	127
179	127
180	127
181	127
5	128
6	128
7	128
13	128
14	128
15	128
25	128
26	128
27	128
28	128
29	128
30	128
32	128
33	128
34	128
35	128
36	128
37	128
137	128
138	128
139	128
140	128
141	128
142	128
143	128
144	128
145	128
146	128
147	128
148	128
161	128
162	128
163	128
168	128
169	128
170	128
179	128
180	128
181	128
5	129
6	129
7	129
13	129
14	129
15	129
26	129
27	129
28	129
29	129
30	129
34	129
35	129
36	129
37	129
38	129
39	129
135	129
136	129
137	129
138	129
139	129
140	129
141	129
142	129
143	129
144	129
145	129
146	129
147	129
148	129
149	129
150	129
151	129
159	129
160	129
161	129
162	129
163	129
167	129
168	129
169	129
170	129
179	129
180	129
181	129
5	130
6	130
7	130
13	130
14	130
15	130
26	130
27	130
28	130
29	130
30	130
34	130
35	130
36	130
37	130
38	130
39	130
135	130
136	130
137	130
138	130
139	130
140	130
141	130
142	130
143	130
144	130
145	130
146	130
147	130
148	130
149	130
150	130
151	130
159	130
160	130
161	130
162	130
163	130
167	130
168	130
169	130
170	130
179	130
180	130
181	130
5	131
6	131
7	131
13	131
14	131
15	131
28	131
29	131
30	131
31	131
32	131
33	131
35	131
36	131
37	131
38	131
39	131
40	131
134	131
135	131
136	131
137	131
138	131
139	131
143	131
144	131
145	131
146	131
147	131
148	131
149	131
150	131
151	131
152	131
153	131
154	131
159	131
160	131
161	131
162	131
163	131
167	131
168	131
169	131
179	131
180	131
181	131
5	132
6	132
7	132
13	132
14	132
15	132
29	132
30	132
31	132
32	132
33	132
34	132
37	132
38	132
39	132
40	132
41	132
42	132
132	132
133	132
134	132
135	132
136	132
137	132
141	132
142	132
143	132
144	132
145	132
150	132
151	132
152	132
153	132
154	132
155	132
156	132
157	132
158	132
159	132
160	132
161	132
167	132
168	132
169	132
179	132
180	132
181	132
5	133
6	133
7	133
13	133
14	133
15	133
29	133
30	133
31	133
32	133
33	133
34	133
37	133
38	133
39	133
40	133
41	133
42	133
132	133
133	133
134	133
135	133
136	133
137	133
141	133
142	133
143	133
144	133
145	133
150	133
151	133
152	133
153	133
154	133
155	133
156	133
157	133
158	133
159	133
160	133
161	133
167	133
168	133
169	133
179	133
180	133
181	133
5	134
6	134
7	134
13	134
14	134
15	134
31	134
32	134
33	134
34	134
35	134
36	134
38	134
39	134
40	134
41	134
42	134
43	134
131	134
132	134
133	134
134	134
135	134
136	134
140	134
141	134
142	134
143	134
144	134
145	134
146	134
147	134
148	134
153	134
154	134
155	134
156	134
157	134
158	134
159	134
160	134
161	134
167	134
168	134
169	134
179	134
180	134
181	134
5	135
6	135
7	135
13	135
14	135
15	135
32	135
33	135
34	135
35	135
36	135
40	135
41	135
42	135
43	135
44	135
45	135
129	135
130	135
131	135
132	135
133	135
134	135
137	135
138	135
139	135
140	135
141	135
142	135
143	135
146	135
147	135
148	135
149	135
150	135
151	135
165	135
166	135
167	135
168	135
169	135
179	135
180	135
181	135
5	136
6	136
7	136
13	136
14	136
15	136
32	136
33	136
34	136
35	136
36	136
40	136
41	136
42	136
43	136
44	136
45	136
129	136
130	136
131	136
132	136
133	136
134	136
137	136
138	136
139	136
140	136
141	136
142	136
143	136
146	136
147	136
148	136
149	136
150	136
151	136
165	136
166	136
167	136
168	136
169	136
179	136
180	136
181	136
5	137
6	137
7	137
13	137
14	137
15	137
34	137
35	137
36	137
37	137
41	137
42	137
43	137
44	137
45	137
46	137
126	137
127	137
128	137
129	137
130	137
131	137
132	137
133	137
135	137
136	137
137	137
138	137
139	137
140	137
141	137
142	137
146	137
147	137
148	137
149	137
150	137
151	137
152	137
153	137
154	137
165	137
166	137
167	137
179	137
180	137
181	137
5	138
6	138
7	138
13	138
14	138
15	138
35	138
36	138
37	138
38	138
39	138
43	138
44	138
45	138
46	138
47	138
48	138
125	138
126	138
127	138
128	138
129	138
130	138
131	138
134	138
135	138
136	138
137	138
138	138
139	138
149	138
150	138
151	138
152	138
153	138
154	138
155	138
156	138
157	138
158	138
164	138
165	138
166	138
167	138
179	138
180	138
181	138
5	139
6	139
7	139
13	139
14	139
15	139
35	139
36	139
37	139
38	139
39	139
43	139
44	139
45	139
46	139
47	139
48	139
125	139
126	139
127	139
128	139
129	139
130	139
131	139
134	139
135	139
136	139
137	139
138	139
139	139
149	139
150	139
151	139
152	139
153	139
154	139
155	139
156	139
157	139
158	139
164	139
165	139
166	139
167	139
179	139
180	139
181	139
5	140
6	140
7	140
13	140
14	140
15	140
35	140
36	140
37	140
38	140
39	140
40	140
44	140
45	140
46	140
47	140
48	140
49	140
50	140
51	140
122	140
123	140
124	140
125	140
126	140
127	140
128	140
132	140
133	140
134	140
135	140
136	140
137	140
153	140
154	140
155	140
156	140
157	140
158	140
159	140
160	140
161	140
162	140
163	140
164	140
165	140
166	140
179	140
180	140
181	140
5	141
6	141
7	141
13	141
14	141
15	141
37	141
38	141
39	141
40	141
41	141
42	141
43	141
46	141
47	141
48	141
49	141
50	141
51	141
52	141
119	141
120	141
121	141
122	141
123	141
124	141
125	141
126	141
127	141
131	141
132	141
133	141
134	141
135	141
136	141
156	141
157	141
158	141
159	141
160	141
161	141
162	141
163	141
164	141
165	141
166	141
179	141
180	141
181	141
5	142
6	142
7	142
13	142
14	142
15	142
37	142
38	142
39	142
40	142
41	142
42	142
43	142
46	142
47	142
48	142
49	142
50	142
51	142
52	142
119	142
120	142
121	142
122	142
123	142
124	142
125	142
126	142
127	142
131	142
132	142
133	142
134	142
135	142
136	142
156	142
157	142
158	142
159	142
160	142
161	142
162	142
163	142
164	142
165	142
166	142
179	142
180	142
181	142
5	143
6	143
7	143
13	143
14	143
15	143
38	143
39	143
40	143
41	143
42	143
43	143
44	143
45	143
49	143
50	143
51	143
52	143
53	143
54	143
55	143
117	143
118	143
119	143
120	143
121	143
122	143
123	143
124	143
128	143
129	143
130	143
131	143
132	143
133	143
134	143
159	143
160	143
161	143
162	143
163	143
164	143
179	143
180	143
181	143
5	144
6	144
7	144
13	144
14	144
15	144
41	144
42	144
43	144
44	144
45	144
46	144
47	144
48	144
50	144
51	144
52	144
53	144
54	144
55	144
56	144
57	144
58	144
114	144
115	144
116	144
117	144
118	144
119	144
120	144
121	144
125	144
126	144
127	144
128	144
129	144
130	144
131	144
179	144
180	144
181	144
5	145
6	145
7	145
13	145
14	145
15	145
41	145
42	145
43	145
44	145
45	145
46	145
47	145
48	145
50	145
51	145
52	145
53	145
54	145
55	145
56	145
57	145
58	145
114	145
115	145
116	145
117	145
118	145
119	145
120	145
121	145
125	145
126	145
127	145
128	145
129	145
130	145
131	145
179	145
180	145
181	145
5	146
6	146
7	146
13	146
14	146
15	146
43	146
44	146
45	146
46	146
47	146
48	146
49	146
50	146
51	146
53	146
54	146
55	146
56	146
57	146
58	146
59	146
60	146
61	146
111	146
112	146
113	146
114	146
115	146
116	146
117	146
118	146
119	146
123	146
124	146
125	146
126	146
127	146
128	146
129	146
130	146
179	146
180	146
181	146
5	147
6	147
7	147
13	147
14	147
15	147
46	147
47	147
48	147
49	147
50	147
51	147
52	147
56	147
57	147
58	147
59	147
60	147
61	147
62	147
63	147
64	147
107	147
108	147
109	147
110	147
111	147
112	147
113	147
114	147
115	147
120	147
121	147
122	147
123	147
124	147
125	147
126	147
127	147
177	147
178	147
179	147
180	147
181	147
5	148
6	148
7	148
13	148
14	148
15	148
46	148
47	148
48	148
49	148
50	148
51	148
52	148
56	148
57	148
58	148
59	148
60	148
61	148
62	148
63	148
64	148
107	148
108	148
109	148
110	148
111	148
112	148
113	148
114	148
115	148
120	148
121	148
122	148
123	148
124	148
125	148
126	148
127	148
177	148
178	148
179	148
180	148
181	148
5	149
6	149
7	149
13	149
14	149
15	149
49	149
50	149
51	149
52	149
53	149
54	149
55	149
59	149
60	149
61	149
62	149
63	149
64	149
65	149
66	149
67	149
68	149
69	149
70	149
71	149
72	149
99	149
100	149
101	149
102	149
103	149
104	149
105	149
106	149
107	149
108	149
109	149
110	149
111	149
112	149
116	149
117	149
118	149
119	149
120	149
121	149
122	149
123	149
124	149
176	149
177	149
178	149
179	149
180	149
181	149
5	150
6	150
7	150
13	150
14	150
15	150
50	150
51	150
52	150
53	150
54	150
55	150
56	150
57	150
64	150
65	150
66	150
67	150
68	150
69	150
70	150
71	150
72	150
73	150
74	150
75	150
76	150
77	150
78	150
79	150
80	150
81	150
82	150
83	150
86	150
87	150
88	150
89	150
90	150
91	150
92	150
93	150
94	150
95	150
96	150
97	150
98	150
99	150
100	150
101	150
102	150
103	150
104	150
105	150
106	150
107	150
113	150
114	150
115	150
116	150
117	150
118	150
119	150
120	150
121	150
174	150
175	150
176	150
177	150
178	150
179	150
5	151
6	151
7	151
13	151
14	151
15	151
50	151
51	151
52	151
53	151
54	151
55	151
56	151
57	151
64	151
65	151
66	151
67	151
68	151
69	151
70	151
71	151
72	151
73	151
74	151
75	151
76	151
77	151
78	151
79	151
80	151
81	151
82	151
83	151
84	151
86	151
87	151
88	151
89	151
90	151
91	151
92	151
93	151
94	151
95	151
96	151
97	151
98	151
99	151
100	151
101	151
102	151
103	151
104	151
105	151
106	151
107	151
113	151
114	151
115	151
116	151
117	151
118	151
119	151
120	151
121	151
174	151
175	151
176	151
177	151
178	151
179	151
5	152
6	152
7	152
13	152
14	152
15	152
53	152
54	152
55	152
56	152
57	152
58	152
59	152
60	152
71	152
72	152
73	152
74	152
75	152
76	152
77	152
78	152
79	152
80	152
81	152
82	152
83	152
84	152
85	152
86	152
87	152
88	152
89	152
90	152
91	152
92	152
93	152
94	152
95	152
96	152
97	152
98	152
99	152
100	152
110	152
111	152
112	152
113	152
114	152
115	152
116	152
117	152
118	152
174	152
175	152
176	152
177	152
178	152
5	153
6	153
7	153
13	153
14	153
15	153
55	153
56	153
57	153
58	153
59	153
60	153
61	153
62	153
63	153
83	153
84	153
85	153
86	153
87	153
107	153
108	153
109	153
110	153
111	153
112	153
113	153
114	153
115	153
173	153
174	153
175	153
176	153
5	154
6	154
7	154
13	154
14	154
15	154
55	154
56	154
57	154
58	154
59	154
60	154
61	154
62	154
63	154
83	154
84	154
85	154
86	154
87	154
107	154
108	154
109	154
110	154
111	154
112	154
113	154
114	154
115	154
173	154
174	154
175	154
176	154
5	155
6	155
7	155
13	155
14	155
15	155
58	155
59	155
60	155
61	155
62	155
63	155
64	155
65	155
66	155
67	155
68	155
69	155
70	155
102	155
103	155
104	155
105	155
106	155
107	155
108	155
109	155
110	155
111	155
112	155
171	155
172	155
173	155
174	155
175	155
176	155
5	156
6	156
7	156
13	156
14	156
15	156
16	156
62	156
63	156
64	156
65	156
66	156
67	156
68	156
69	156
70	156
71	156
72	156
73	156
100	156
101	156
102	156
103	156
104	156
105	156
106	156
107	156
170	156
171	156
172	156
173	156
174	156
175	156
5	157
6	157
7	157
13	157
14	157
15	157
16	157
62	157
63	157
64	157
65	157
66	157
67	157
68	157
69	157
70	157
71	157
72	157
73	157
99	157
100	157
101	157
102	157
103	157
104	157
105	157
106	157
107	157
170	157
171	157
172	157
173	157
174	157
175	157
5	158
6	158
7	158
13	158
14	158
15	158
16	158
17	158
18	158
68	158
69	158
70	158
71	158
72	158
73	158
74	158
75	158
76	158
77	158
78	158
79	158
80	158
81	158
82	158
83	158
84	158
85	158
86	158
87	158
88	158
89	158
90	158
91	158
92	158
99	158
100	158
101	158
102	158
103	158
168	158
169	158
170	158
171	158
172	158
173	158
5	159
6	159
7	159
8	159
9	159
14	159
15	159
16	159
17	159
18	159
73	159
74	159
75	159
76	159
77	159
78	159
79	159
80	159
81	159
82	159
83	159
84	159
85	159
86	159
87	159
88	159
89	159
90	159
91	159
92	159
93	159
167	159
168	159
169	159
170	159
171	159
172	159
5	160
6	160
7	160
8	160
9	160
14	160
15	160
16	160
17	160
18	160
73	160
74	160
75	160
76	160
77	160
78	160
79	160
80	160
81	160
82	160
83	160
84	160
85	160
86	160
87	160
88	160
89	160
90	160
91	160
92	160
167	160
168	160
169	160
170	160
171	160
172	160
5	161
6	161
7	161
8	161
9	161
10	161
16	161
17	161
18	161
19	161
86	161
87	161
88	161
167	161
168	161
169	161
170	161
7	162
8	162
9	162
10	162
11	162
12	162
17	162
18	162
19	162
167	162
168	162
169	162
7	163
8	163
9	163
10	163
11	163
12	163
17	163
18	163
19	163
167	163
168	163
169	163
8	164
9	164
10	164
11	164
12	164
13	164
17	164
18	164
19	164
20	164
21	164
25	164
26	164
27	164
165	164
166	164
167	164
168	164
169	164
10	165
11	165
12	165
13	165
19	165
20	165
21	165
22	165
25	165
26	165
27	165
28	165
162	165
163	165
164	165
165	165
166	165
167	165
168	165
169	165
10	166
11	166
12	166
13	166
19	166
20	166
21	166
22	166
25	166
26	166
27	166
28	166
162	166
163	166
164	166
165	166
166	166
167	166
168	166
169	166
11	167
12	167
13	167
14	167
15	167
20	167
21	167
22	167
25	167
26	167
27	167
28	167
29	167
30	167
161	167
162	167
163	167
164	167
165	167
166	167
167	167
13	168
14	168
15	168
16	168
20	168
21	168
22	168
23	168
24	168
25	168
26	168
27	168
28	168
29	168
30	168
31	168
32	168
33	168
34	168
35	168
36	168
37	168
38	168
39	168
40	168
41	168
42	168
43	168
44	168
45	168
46	168
129	168
130	168
131	168
132	168
133	168
134	168
135	168
136	168
137	168
159	168
160	168
161	168
162	168
163	168
164	168
13	169
14	169
15	169
16	169
20	169
21	169
22	169
23	169
24	169
25	169
26	169
27	169
28	169
29	169
30	169
31	169
32	169
33	169
34	169
35	169
36	169
37	169
38	169
39	169
40	169
41	169
42	169
43	169
44	169
45	169
46	169
129	169
130	169
131	169
132	169
133	169
134	169
135	169
136	169
137	169
159	169
160	169
161	169
162	169
163	169
164	169
13	170
14	170
15	170
16	170
17	170
18	170
19	170
22	170
23	170
24	170
25	170
26	170
27	170
28	170
29	170
30	170
31	170
32	170
33	170
34	170
35	170
36	170
37	170
38	170
39	170
40	170
41	170
42	170
43	170
44	170
45	170
46	170
47	170
48	170
129	170
130	170
131	170
132	170
133	170
134	170
135	170
136	170
137	170
159	170
160	170
161	170
162	170
163	170
14	171
15	171
16	171
17	171
18	171
19	171
23	171
24	171
25	171
26	171
27	171
28	171
29	171
30	171
31	171
44	171
45	171
46	171
47	171
48	171
49	171
50	171
51	171
52	171
122	171
123	171
124	171
125	171
126	171
127	171
128	171
129	171
130	171
131	171
135	171
136	171
137	171
138	171
139	171
140	171
141	171
142	171
143	171
144	171
145	171
146	171
158	171
159	171
160	171
161	171
14	172
15	172
16	172
17	172
18	172
19	172
23	172
24	172
25	172
26	172
27	172
28	172
29	172
30	172
31	172
44	172
45	172
46	172
47	172
48	172
49	172
50	172
51	172
52	172
122	172
123	172
124	172
125	172
126	172
127	172
128	172
129	172
130	172
131	172
135	172
136	172
137	172
138	172
139	172
140	172
141	172
142	172
143	172
144	172
145	172
146	172
158	172
159	172
160	172
161	172
17	173
18	173
19	173
20	173
21	173
26	173
27	173
28	173
29	173
30	173
31	173
32	173
33	173
34	173
35	173
36	173
37	173
38	173
39	173
40	173
41	173
42	173
43	173
44	173
45	173
46	173
47	173
48	173
49	173
50	173
51	173
52	173
122	173
123	173
124	173
125	173
126	173
127	173
128	173
129	173
130	173
131	173
132	173
133	173
134	173
135	173
136	173
137	173
138	173
139	173
140	173
141	173
142	173
143	173
144	173
145	173
146	173
156	173
157	173
158	173
159	173
160	173
17	174
18	174
19	174
20	174
21	174
22	174
29	174
30	174
31	174
32	174
33	174
34	174
35	174
36	174
37	174
38	174
39	174
40	174
41	174
42	174
43	174
44	174
45	174
46	174
128	174
129	174
130	174
131	174
132	174
133	174
134	174
135	174
136	174
137	174
155	174
156	174
157	174
158	174
159	174
160	174
17	175
18	175
19	175
20	175
21	175
22	175
29	175
30	175
31	175
32	175
33	175
34	175
35	175
36	175
37	175
38	175
39	175
40	175
41	175
42	175
43	175
44	175
45	175
46	175
128	175
129	175
130	175
131	175
132	175
133	175
134	175
135	175
136	175
137	175
155	175
156	175
157	175
158	175
159	175
160	175
19	176
20	176
21	176
22	176
23	176
24	176
25	176
152	176
153	176
154	176
155	176
156	176
157	176
158	176
22	177
23	177
24	177
25	177
26	177
27	177
28	177
29	177
30	177
31	177
32	177
33	177
34	177
35	177
36	177
37	177
38	177
39	177
40	177
41	177
42	177
43	177
44	177
45	177
46	177
47	177
48	177
49	177
50	177
51	177
52	177
53	177
54	177
55	177
56	177
57	177
58	177
59	177
60	177
61	177
62	177
63	177
64	177
65	177
66	177
67	177
68	177
69	177
70	177
71	177
72	177
73	177
74	177
75	177
76	177
77	177
78	177
79	177
80	177
81	177
82	177
83	177
84	177
85	177
86	177
87	177
88	177
89	177
90	177
91	177
92	177
93	177
94	177
95	177
96	177
97	177
98	177
99	177
100	177
101	177
102	177
103	177
104	177
105	177
106	177
107	177
108	177
109	177
110	177
111	177
112	177
113	177
114	177
115	177
116	177
117	177
118	177
119	177
120	177
121	177
122	177
123	177
124	177
125	177
126	177
127	177
128	177
129	177
130	177
131	177
132	177
133	177
134	177
135	177
136	177
137	177
138	177
139	177
140	177
141	177
142	177
143	177
144	177
145	177
146	177
147	177
148	177
149	177
150	177
151	177
152	177
153	177
154	177
155	177
156	177
157	177
22	178
23	178
24	178
25	178
26	178
27	178
28	178
29	178
30	178
31	178
32	178
33	178
34	178
35	178
36	178
37	178
38	178
39	178
40	178
41	178
42	178
43	178
44	178
45	178
46	178
47	178
48	178
49	178
50	178
51	178
52	178
53	178
54	178
55	178
56	178
57	178
58	178
59	178
60	178
61	178
62	178
63	178
64	178
65	178
66	178
67	178
68	178
69	178
70	178
71	178
72	178
73	178
74	178
75	178
76	178
77	178
78	178
79	178
80	178
81	178
82	178
83	178
84	178
85	178
86	178
87	178
88	178
89	178
90	178
91	178
92	178
93	178
94	178
95	178
96	178
97	178
98	178
99	178
100	178
101	178
102	178
103	178
104	178
105	178
106	178
107	178
108	178
109	178
110	178
111	178
112	178
113	178
114	178
115	178
116	178
117	178
118	178
119	178
120	178
121	178
122	178
123	178
124	178
125	178
126	178
127	178
128	178
129	178
130	178
131	178
132	178
133	178
134	178
135	178
136	178
137	178
138	178
139	178
140	178
141	178
142	178
143	178
144	178
145	178
146	178
147	178
148	178
149	178
150	178
151	178
152	178
153	178
154	178
155	178
156	178
157	178
23	179
24	179
25	179
26	179
27	179
28	179
29	179
30	179
31	179
32	179
33	179
34	179
35	179
36	179
37	179
38	179
39	179
40	179
41	179
42	179
43	179
44	179
45	179
46	179
47	179
48	179
49	179
50	179
51	179
52	179
53	179
54	179
55	179
56	179
57	179
58	179
59	179
60	179
61	179
62	179
63	179
64	179
65	179
66	179
67	179
68	179
69	179
70	179
71	179
72	179
73	179
74	179
75	179
76	179
77	179
78	179
79	179
80	179
81	179
82	179
83	179
84	179
85	179
86	179
87	179
88	179
89	179
90	179
91	179
92	179
93	179
94	179
95	179
96	179
97	179
98	179
99	179
100	179
101	179
102	179
103	179
104	179
105	179
106	179
107	179
108	179
109	179
110	179
111	179
112	179
113	179
114	179
115	179
116	179
117	179
118	179
119	179
120	179
121	179
122	179
123	179
124	179
125	179
126	179
127	179
128	179
129	179
130	179
131	179
132	179
133	179
134	179
135	179
136	179
137	179
138	179
139	179
140	179
141	179
142	179
143	179
144	179
145	179
146	179
147	179
148	179
149	179
150	179
151	179
152	179
153	179
154	179
